defpat #1
0001
defpat #2
0
0
0
1
defpat #3
10000
01000
00100
00010
00001
defpat #4
00001
00010
00100
01000
10000
defpat #5
10001
01010
00100
01010
10001
defpat #6
0
0
1
0
0
0
0
1
1
1
1
0
defpat #7
0001000111
defpat #8
0001111
0001111
0001111
1111111
1111111
1111111
1111111
0001111
defpat #9
0001111
defpat #10
0
0
0
1
1
1
1
defpat #11
0001
0001
0001
1111
defpat #12
1100000001
0110000010
0011000100
0001101000
0000110000
0000011000
0000001100
0000000110
0000000011
defpat #13
0000100100
defpat #14
0
0
1
0
0
1
0
0
0
0
defpat #15
1111000
0111100
0011110
0001111
1000111
1100011
1110001
defpat #16
0001111
0011110
0111100
1111000
1110001
1100011
1000111
defpat #17
00001
00001
00001
11111
11111
11111
defpat #18
10001000111
11000100011
11100010001
11110001000
01111000100
00111100010
00111100001
10001111000
01000111100
00100011110
00010001111
defpat #19
0000100001
1000010000
0100001000
1111111111
0001000010
defpat #20
0000001
defpat #21
0
0
0
0
0
0
1
defpat #22
11100010001
11000100011
10001000111
00010001111
00100011110
01000111100
10000111100
00011110001
00111100010
01111000100
11110001000
defpat #23
0001000
0001000
0001000
0001000
0001000
0001000
1111111
defpat #24
111100000001111
011110000011110
001111000111100
000111101111000
000011111110000
000001111100001
000001111110000
000011111111000
000111101111000
001111000111100
011110000011110
111100000001111
defpat #25
0001
0001
0001
0001
0001
0001
0001
0001
1111
defpat #26
000001000
000001000
000001000
111111111
defpat #27
0000001
0000010
0000100
0001000
0010000
0100000
1000000
defpat #28
1000000
0100000
0010000
0001000
0000100
0000010
0000001
defpat #29
100010001
010001010
001000100
000101010
100010001
010101000
001000100
010100010
100010001
defpat #30
100010001
010100010
001000100
010101000
100010001
000101010
001000100
010001010
defpat #31
100000001
010000010
001000100
000101000
000010000
000101000
001000100
010000010
100000001
defpat #32
000000111
defpat #33
0
0
0
0
0
0
1
1
1
defpat #34
000000111
000000111
111111111
111111111
111111111
000000111
000000111
000000111
000000111
defpat #35
00000010000001
10000001000000
01000000100000
00100000010000
00010000001000
00001000000100
00000100000010
11111111111111
defpat #36
000111
000111
000111
000111
000111
000111
000111
000111
111111
111111
111111
defpat #37
00011100000
00011100000
00011100000
11111111111
11111111111
11111111111
defpat #38
00000001
00000001
11111111
11111111
11111111
11111111
00000001
00000001
00000001
00000001
00000001
defpat #39
0001
0001
0001
0001
0001
0001
0001
0001
0001
1111
1111
1111
1111
defpat #40
00010000000
00010000000
00010000000
11111111111
11111111111
11111111111
11111111111
defpat #41
00001111
00001111
00001111
00001111
11111111
defpat #42
0000000001111
0000000001111
0000000001111
1111111111111
defpat #43
00001111
00001111
00001111
00001111
00001111
00001111
00001111
00001111
00001111
11111111
defpat #44
0000000001111
0000000001111
0000000001111
0000000001111
0000000001111
1111111111111
0000000001111
0000000001111
0000000001111
0000000001111
defpat #45
100001
010001
001001
000101
000011
111111
defpat #46
1000000001
0100000001
0010000001
0001000001
0000100001
0000010001
0000001001
0000000101
0000000011
1111111111
defpat #47
111100000001111
011110000011110
001111000111100
000111101111000
000011111110000
000001111100000
000001111110000
000011111111000
000111101111000
001111000111100
011110000011110
defpat #48
00001001000000111100
defpat #49
0
0
0
0
1
0
0
1
0
0
0
0
0
0
1
1
1
1
0
0
defpat #50
001000100011110
010001000111100
100010001111000
000100011110001
001000111100010
010001111000100
100011110001000
000111100010001
001111000100010
011110001000100
111100010001000
111000100010001
110001000100011
100010001000111
000100010001111
defpat #51
10001000100
11000100010
11100010001
11110001000
01111000100
00111100010
00011110001
10001111000
01000111100
00100011110
00010001111
10001000111
01000100011
00100010001
00010001000
defpat #52
000001000001000001111
000001000001000001111
000001000001000001111
000001000001000001111
000001000001000001111
111111111111111111111
defpat #53
000001
000001
000001
000001
000001
111111
000001
000001
000001
000001
000001
111111
000001
000001
000001
111111
111111
111111
111111
defpat #54
1000000011110000000111
0100000100111000001110
0010001000011100011100
0001010000001110111000
0000100000000011100000
0001010000001110111000
0010001000011100011100
0100000100111000001110
defpat #55
0000001111
0000011110
0000111100
0001111000
0011110000
0111100000
1111000000
1110000001
1100000011
1000000111
defpat #56
1111000000
0111100000
0011110000
0001111000
0000111110
0000011110
0000001111
1000000111
1100000011
1110000001
defpat #57
11110000001111000000
01111000000111100000
00111100000011110000
00011110000001111000
00001111000000111100
00000111100000011110
11111111111111111111
10000001111000000111
11000000111100000011
11100000011110000001
defpat #58
01111000000000
00111100000000
00011110000000
11111111111111
00000011110000
00000001111000
00000000111100
11111111111111
00000000001111
10000000000111
11000000000011
11111111111111
11110000000000
defpat #59
00000000001111
00000000011110
00000000111100
00000001111000
00000011110000
00000111100000
00001111000000
00011110000000
00111100000000
01111000000000
11111111111111
11000000000011
10000000000111
defpat #60
00000000001111
00000000011110
00000000111100
11111111111111
00000111100000
00001111000000
00001110000001
11111111111111
01111000000000
11110000000000
11100000000001
11111111111111
10000000000111
defpat #61
11110000000
01111000000
00111100000
00011110000
00001111100
00000111100
00000011110
10000001110
11000000110
11100000010
11111111111
11111111111
11111111111
11111111111
defpat #62
000111100011110001
defpat #63
0
0
0
1
1
1
1
0
0
0
1
1
1
1
0
0
0
1
defpat #64
000111100011110001
000111100011110001
000111100011110001
111111111111111111
111111111111111111
111111111111111111
111111111111111111
000111100011110001
000111100011110001
000111100011110001
111111111111111111
111111111111111111
111111111111111111
111111111111111111
000111100011110001
000111100011110001
000111100011110001
111111111111111111
defpat #65
00001000100000
00001000100000
00001000100000
00001000100000
11111111111111
00001000100000
00001000100000
11111111111111
00001000100000
00001000100000
00001000100000
00001000100000
00001000100000
defpat #66
000001111000111100000
000001111000111100000
000001111000111100000
000001111000111100000
000001111000111100000
111111111111111111111
111111111111111111111
111111111111111111111
111111111111111111111
000001111000111100000
000001111000111100000
111111111111111111111
111111111111111111111
111111111111111111111
111111111111111111111
000001111000111100000
000001111000111100000
000001111000111100000
000001111000111100000
000001111000111100000
defpat #67
1000000
0100000
1111111
0001000
1111111
0000010
0000001
defpat #68
00000001000
00000001000
00001111111
00001111111
00000001000
00000001000
defpat #69
000000000001000
000000000001000
000000000001000
000000001111111
000000001111111
000000000001000
000000000001000
000000000001000
000000000001000
defpat #70
0000000
0000000
0000000
0000000
0001110
0001110
0001110
1111111
0001110
0001110
0001110
defpat #71
000000000
000000000
000000000
000000000
000000000
000000000
000000000
000000000
000110000
000110000
000110000
111111111
000110000
000110000
000110000
defpat #72
00010000000
00010000000
00010000000
11111110000
11111110000
11111110000
00010000000
00010000000
00010000000
11111111111
00010000000
00010000000
00010000000
11111110000
11111110000
11111110000
defpat #73
000100000000000
000100000000000
000100000000000
000100000000000
000100000000000
000100000000000
000100000000000
000100000000000
111111100000000
111111100000000
111111100000000
000100000000000
000100000000000
000100000000000
000100000000000
000100000000000
000100000000000
000100000000000
000100000000000
111111111111111
defpat #74
10000000001
01000000010
00100000100
00010001000
00011111000
00011111000
00011111000
00010001000
00100000100
01000000010
10000000001
defpat #75
1000000000
0100000000
0010000000
1111100000
0111110000
0011111000
0000010000
0000001000
0000000100
0000000010
0000000001
defpat #76
1000000000000000
0100000000000000
0010000000000000
0001000000000000
0000100000000000
0000010000000000
0000001000000000
0000000100000000
0000000010000000
0000000001000000
0000000000100000
0000000001111100
0000000000111110
0000000000011111
defpat #77
0000000001
0000000010
0000000100
0000011111
0000111110
0001111100
0000010000
0000100000
0001000000
0010000000
0100000000
defpat #78
0000000000000001
0000000000000010
0000000000000100
0000000000001000
0000000000010000
0000000000100000
0000000001000000
0000000010000000
0000000100000000
0000001000000000
0000010000000000
0011111000000000
0111110000000000
1111100000000000
defpat #79
11110000000000
01111000000000
00111100000000
11111111110000
01111111111000
00111111111100
00000011110000
00000001111000
00000000111100
00000000011110
00000000001111
00000000000111
00000000000111
00000000000011
00000000000001
defpat #80
111100000000000000000
011110000000000000000
001111000000000000000
111111111100000000000
011111111110000000000
001111111111000000000
000000111100000000000
000000011110000000000
000000001111000000000
000000000111100000000
000000000011110000000
000000000001111000000
000000000000111100000
000000000000011110000
000000000000001111000
000000000000000111100
000000000000000011110
000000000000000001111
000000000000000000111
000000000000000000011
000000000000000000001
defpat #81
00000000001111
00000000011110
00000000111100
00001111111111
00011111111110
00111111111100
00001111000000
00011110000000
00111100000000
01111000000000
11110000000000
11100000000000
11000000000000
10000000000000
defpat #82
000000000000000001111
000000000000000011110
000000000000000111100
000000000001111111111
000000000011111111110
000000000111111111100
000000000001111000000
000000000011110000000
000000000111100000000
000000001111000000000
000000011110000000000
000000111100000000000
000001111000000000000
000011110000000000000
000111100000000000000
001111000000000000000
011110000000000000000
111100000000000000000
111000000000000000000
110000000000000000000
100000000000000000000
defpat #83
111100000001111100000000001
011110000011110010000000010
001111000111100001000000100
000111101111000000100001000
000011111110000000010010000
000001111100000000001100000
000001111110000000001100000
000011111111000000010010000
000111101111000000100001000
001111000111100001000000100
011110000011110010000000010
defpat #84
00000001111000
00000001111000
00001111111111
00001111111111
00000001111000
00000001111000
00000001111000
00000001111000
00000001111000
defpat #85
00000000000001111000
00000000000001111000
00000000000001111000
00000000001111111111
00000000001111111111
00000000000001111000
00000000000001111000
00000000000001111000
00000000000001111000
00000000000001111000
00000000000001111000
00000000000001111000
00000000000001111000
defpat #86
00001100000000
00001100000000
00001100000000
00001100000000
00001100000000
00011110000000
00110011000000
01100001100000
11000000110000
00000000000000
00000000000000
defpat #87
00000000000000
00000000000000
00000000000000
00000000000000
11000000000011
11000000000011
11111000011111
11111000011111
00011000011000
00011000011000
00011111111000
00011111111000
00000000000000
defpat #88
000000000000000
000000011000000
000000011000000
000000011000000
000000011000000
000000011000000
001000011000010
001100011000110
000110011001100
000011011011000
000001111110000
000000111100000
000000011000000
000000000000000
000000000000000
defpat #89
00000000000000
00000000000000
00000011000000
00000111100000
00001111110000
00011011011000
00110011001100
01100011000110
01000011000010
00000011000000
00000011000000
00000011000000
00000011000000
00000011000000
00000011000000
defpat #90
11111111111
11111111111
11110011111
11100001111
11000000111
10000000011
11110011111
11110011111
11110011111
11110011111
11110011111
11110011111
11110011111
11111111111
11111111111
00000000000
00000000000
defpat #91
1000001
0100010
0011100
0011100
0011100
0100010
1000001
0000000
defpat #92
000111111110000
000111111110000
000000110000000
000000110000000
000000110000000
000000110000000
000000110000000
000000110000000
defpat #93
000000001100000
000000001100000
000010001100010
000001001100100
000000101101000
000000011110000
000011111111110
000011111111110
000000011110000
000000101101000
000001001100100
000010001100010
000000001100000
000000001100000
defpat #94
0000000
1100000
0110000
0011000
0001100
0000110
0000111
0000110
0001100
0011000
0110000
1100000
0000000
0000000
defpat #95
00000000000000000
00000000000000000
00000000000000000
11111111111111111
11111111111111111
11100001110000111
00000011011000000
00000110001100000
00001100000110000
00011000000011000
00110000000001100
00000000000000000
00000000000000000
defpat #96
00000000000000
11111111111111
11111111111111
00000000001100
00000000001100
00000000001100
00000011111100
00000011111100
00000000001100
00000000001100
00000000001100
11111111111111
11111111111111
00000000000000
00000000000000
00000000000000
00000000000000
defpat #97
000000000100000
000000001110000
000000011111000
000000110101100
000001100100110
000011001110011
000000011111000
000000110101100
000001100100110
000001101110110
000000011111000
000000110101100
000001100100110
000001100100110
000000000100000
defpat #98
0000001100000
0010001100010
0001001100100
0000101101000
0000011110000
0011111111110
0011111111110
0000011110000
0000101101000
0001001100100
0010001100010
0000001100000
defpat #99
0000000000
0000000000
1100000011
0110000110
0011001100
0001111000
0000110000
0000110000
0000110000
0000110000
0000110000
0000110000
0000000000
defpat #100
0000000000
0000000000
1100110011
1100110011
1100110011
1100110011
0110110110
0010110100
0001111000
0000110000
0000110000
0000110000
0000110000
0000110000
0001111000
0010110100
0110110110
1100110011
1100110011
1100110011
1100110011
0000000000
0000000000
0000000000
defpat #101
000000010000000
000000101000000
000001000100000
000010000010000
111100000001111
111100000001111
111100000001111
111100000001111
000000000000000
defpat #102
111100000001111
111100000001111
111100000001111
111100000001111
000010000010000
000001000100000
000000101000000
000000010000000
000000000000000
defpat #103
000000000
000000000
011110000
011110000
011110000
011110000
000001000
000000100
000000010
000000001
000000010
000000100
000001000
011110000
011110000
011110000
011110000
000000000
000000000
000000000
defpat #104
0000000000
0000000000
0000001111
0000001111
0000001111
0000001111
0000010000
0000100000
0001000000
0010000000
0001000000
0000100000
0000010000
0000001111
0000001111
0000001111
0000001111
0000000000
0000000000
0000000000
defpat #105
110000000000000000000011
110000000011110000000011
110000000110011000000011
110000000100001000000011
110000001100001100000011
110000011000000110000011
110000110000000011000011
110001100000000001100011
110000000000000000000011
110000000000000000000011
110000000000000000000011
defpat #106
000010001
000110011
001100110
011001100
110011000
011001100
001100110
000110011
000010001
000000000
000000000
000000000
000000000
000000000
000000000
defpat #107
100010000
110011000
010001100
001100110
001110011
001100110
011001100
110011000
110010000
000000000
000000000
000000000
000000000
000000000
000000000
000000000
defpat #108
00000000111100
00000001111111
00000011000011
00000011000000
00000011000000
00000011000000
00000011000000
00000011000000
00000011000000
11111111111111
11111111111111
00000011000000
00000011000000
00000011000000
00000011000001
00000110000001
00001111111111
00001111111111
00000000000000
00000000000000
00000000000000
00000000000000
00000000000000
defpat #109
001100000011
001100000011
000110000110
000011001100
000001111000
000000110000
111111111111
111111111111
000000110000
000000110000
111111111111
111111111111
000000110000
000000110000
000000110000
000000110000
000000110000
000000000000
000000000000
000000000000
000000000000
000000000000
defpat #110
0000000000000
0000110001100
0000110001100
0000000000000
0000000000000
0001100000011
0000110000011
0000011000110
0000001101100
0000000111000
0000000110000
0000001100000
0000011000000
0000110000000
0001100000000
0011000000000
0110000000000
0000000000000
defpat #111
0000000000110
0000000000110
0000000001100
0000000011000
0000000110000
0000001100000
0000011000000
0000110000000
0001110000000
0011011000000
0110001100000
1100000110000
1100000011000
0000000000000
0000000000000
0011000110000
0011000110000
0000000000000
0000000000000
defpat #112
0000011111100
0000111111110
0000100000110
0000100000110
0000000001100
0000000011000
0000000011000
0000000011000
0000000011000
0000000011000
0000000011000
0000000011000
0000000000000
0000000000000
0000000111100
0000000111100
0000000000000
0000000000000
0000000000000
0000000000000
0000000000000
defpat #113
000000000000
000000000000
000000000000
000000000000
000001110000
000011110000
000011110000
000011110000
000011110000
000011110000
000011110000
000011110000
000011110000
000001100000
000001100000
000001100000
000000000000
000000000000
000001110000
000001110000
000001110000
000000000000
defpat #114
11000000011
01100000110
00110101100
00110101100
00011011000
00000000000
00000000000
00000000000
00000000000
defpat #115
110000011
110000011
011000110
011000110
001101100
001111100
000101000
000010000
000010000
000010000
000010000
000010000
000010000
000010000
000000000
000000000
defpat #116
1100000011
1100000011
1100000011
1100000011
1100000011
1100000011
1100000011
1100000011
1111111111
1111111111
0000000000
0000000000
0000000000
0000000000
defpat #117
11000000011
01100000110
00110101100
00110101100
00011011000
00000000000
00000000000
00000000000
00000000000
00000000000
00000000000
00000000000
00000000000
00000000000
defpat #118
11110000000001111
00110000000001100
00010000000001000
00011000000011000
00001100000110000
00000100000100000
00000110001100000
00000110001100000
00000011011000000
00000011011000000
00000001110000000
00000001110000000
00000000100000000
00000000000000000
00000000000000000
00000000000000000
00000000000000000
defpat #119
000000000110000000000
000000000110000000000
000000000110000000110
000000000110000000110
000111100110000000110
001111111111100001100
011000011111111111000
110000000110011110000
110000000110000000000
110000000110000000000
000000000110000000000
000000000110000000000
000000000010000000000
000000000000000000000
defpat #120
0001111000
0011111100
0011001100
0011001100
0011001100
0011001100
0011001100
0011001100
1111001111
1110000111
0000000000
0000000000
0000000000
defpat #121
000000000000000
000000000000000
000000000000000
111111111111111
111111111111111
000110000000000
000110000000000
001100000000000
001100000000000
011000000000000
110001100000000
110001100000000
110001100000000
110001100000000
110001100000000
011111000000000
001110000000000
000000000000000
defpat #122
0000000000001100
0000000000011110
0000000000110011
0000000000110000
0000000000110000
0000000000110000
0000000000110000
0000000000110000
0000000000110000
1111111111111111
1111111111111111
0000000001100000
0000000001100000
0000000001100000
0000000001100000
0000000001100000
0001000011000000
0001100011000000
0000110110000000
0000011110000000
0000001100000000
0000000000000000
0000000000000000
0000000000000000
defpat #123
000000000
000011100
000111110
000111110
000111110
000011100
000000000
000000000
000000000
defpat #124
0011100
0111110
1100011
1001001
1100011
0111110
0011100
0000000
defpat #125
000001100
000011110
000111111
000111111
000011110
000001100
000001100
000001100
000001100
000001100
000001100
defpat #126
00000000000000000
00000000000000000
00000000000000000
00110000000001100
01111000000011110
11111111111111111
11111111111111111
01111000000011110
00110000000001100
defpat #127
001100000000011
000110000000110
000011000001100
000001111111000
000001111111000
000001111111000
000001111111000
000011000001100
000110000000110
001100000000011
defpat #128
0000111000000
0001111100000
0011000110000
0011000110000
0110000011000
0110000011000
0110000011000
0110010011000
0011001110000
0011001110000
0001111110000
0000111011000
0000000001100
0000000001111
0000000001111
0000000000000
0000000000000
0000000000000
0000000000000
defpat #129
100000000000001
010000000000010
001000111000100
000101111101000
000011000110000
000111000111000
000110101011000
000110010011000
000110101011000
000011000110000
000011000110000
000101111101000
001000111000100
010000000000010
100000000000001
000000000000000
defpat #130
00000000000011
00000000000011
00000000000011
00000111100011
00011111111011
00110000001111
00110000000111
00110000000111
00110000001111
00011111111011
00000111100011
00000000000011
00000000000011
00000000000011
defpat #131
00000000000000
00000000000000
00000111100000
00001111110000
00001000010000
00011000011000
00011000011000
00011000011000
00011000011000
00001000010000
00001111110000
00000111100000
11111111111111
11111111111111
00000000000000
defpat #132
000001000000000000000100000
000000100000000000001000000
000000010000000000010000000
000000001000010000100000000
000000000100010001001000000
000000001010010010010000000
000000000101010100100000000
000000000010111101000000000
000000000001111110000000000
111111111111111111111111111
000000000001111110000000000
000000000010111110100000000
000000000101001001001000000
000000001010001000100100000
000000010100001000010010000
000000101000001000001001000
000001000000001000000000100
000010000000001000000000010
000100000000001000000000001
000000000000001000000000000
000000000000001000000000000
defpat #133
0011111110
0100000001
0111111111
0010000010
0001000100
0000101000
0000010000
0000000000
defpat #134
000000000000000000
000000000000000000
000000000000000000
000000011110000000
000000111111000000
000000110011000000
000000110011000000
000000110000000000
000000110000000000
000000110000000000
000000110000100000
000000110001100000
000000111111000000
000000011111000000
111111111111111111
111111111111111111
000000000000000000
defpat #135
000000000000000
000111111100000
001100001100000
001100001110000
000000000110000
000000000110000
000000000110000
000000000110000
110000000110000
110000000110000
110000000110000
011111111100000
000111111100000
111111111111111
111111111111111
000000000000000
000000000000000
000000000000000
defpat #136
00111100111100000000
01100011000110000000
11000011000011000000
11000011000011000000
11000011000011000000
01100111100110000000
00111100111100000000
00000000000000000000
defpat #137
011111111
011111111
000000000
000000000
000111000
001111100
011000110
110000011
110000011
110000011
011000110
001111100
000111000
000000000
000000000
111111111
111111111
000000000
defpat #138
00000001100000
00000001100000
00000001100000
00000001100000
00000001100000
00001111111100
00011111111100
00110001100000
00110001100000
00110001100000
00110001100000
00011111111100
00001111111100
00000001100000
00000001100000
00000001100000
00000001100000
00000001100000
00000001100000
00000001100000
00000001100000
defpat #139
110000000011
011000000110
001100001100
000111111000
000011110000
000000000000
000000000000
111111111111
111111111111
000000000000
000000000000
000011110000
000111111000
001100001100
011000000110
110000000011
000000000000
defpat #140
1100110011
1100110011
1111111111
0111111110
0011111100
0111111110
1111111111
1111111111
1100110011
1100110011
0000110000
0000110000
0000110000
0000110000
0000110000
0000110000
0000110000
0000110000
0000110000
0000000000
defpat #141
00000111
00001111
00011000
00011100
00001111
00000111
00001100
00011000
00011111
00001111
00000000
00000000
00000000
00000000
00000000
defpat #142
0001111110
0001111110
0001111110
0001111110
0001111110
0001111110
0000011000
0000011000
0000011000
0000011000
0000011000
0000011000
0000011000
defpat #143
000000000000
000000000000
000000000000
000000000000
000000111111
000000111111
111111111111
111111111111
000000111111
000000111111
defpat #144
000000000000000
000000000000000
111111111110000
111111111110000
110000000110000
110000000110000
110011100110000
110011100110000
110011100110000
110000000110000
110000000110000
111111111110000
111111111110000
000000000000000
000000000000000
defpat #145
11111111111
10000000001
10000000001
10001110001
10011111001
10011111001
10011111001
10001110001
10000000001
10000000001
11111111111
00000000000
defpat #146
0000000000000
0001111111100
0011100001110
1111100001111
0011100001110
0001111111100
0000000000000
0000000000000
defpat #147
1111111111
1111111111
1000000001
1000000001
1000000001
1000000001
1000000001
1000000001
1110000001
1110000001
1111111111
1111111111
0000000000
0000000000
0000000000
defpat #148
1111111111
1110000001
1110000001
1001000001
1000100001
1000010001
1000001001
1000000101
1000000011
1111111111
0000000000
defpat #149
0000110000
0000110000
1111111111
1000000001
1000000001
1000000001
1111111111
0000110000
0000110000
0000000000
defpat #150
1111111111
0000110000
0000110000
0000110000
0000110000
1111111111
1111111111
1111111111
1111111111
1111111111
0000110000
0000110000
0000110000
0000110000
0000110000
1111111111
0000110000
0000110000
0000110000
0000110000
defpat #151
11111111111111
11111111111111
11000000000011
11000000000011
10111111111101
10111111111101
10111111111101
10111111111101
10111111111101
10111111111101
11000000000011
11000000000011
11111111111111
11111111111111
00000000000000
00000000000000
00000000000000
defpat #152
0000001111000
0000011111100
0000110000110
0001100000011
0000110000110
0000011111100
0000001111000
0000000000000
defpat #153
00010
00111
00010
00010
defpat #154
00011000000
00011000000
00011000000
00011000000
00011000000
00011000000
01111111000
00111110000
00011100000
00001000000
00001000000
00001000000
00011100000
00111110000
01111111000
defpat #155
0000000000000000
0000000000000000
0000000000000000
0000000100000001
0000000110000011
0000000111000111
1111111111111111
1111111111000111
0000000110000011
0000000100000001
0000000000000000
defpat #156
00001000000
00011100000
00111110000
01111111000
11111111100
00000000000
00000000000
00000000000
defpat #157
11111111100
01111111000
00111110000
00011100000
00001000000
00000000000
00000000000
00000000000
defpat #158
1111111111111
1111111111111
1111011111111
1111011111111
1110001111111
1100000111111
1000000011111
0000000001111
1111111111111
1111111111111
defpat #159
000010000
000101000
000110100
011011010
111101101
000000000
defpat #160
0001000
0011100
0111110
1111111
0001100
0001100
0001100
0001100
0001100
0001100
0000000
0000000
0000000
0000000
0000000
0000000
0000000
0000000
0000000
0000000
0000000
defpat #161
0000000001100
0000000001100
0000000001100
0000000001100
0000000001100
0000000001100
0000001111111
0000000111110
0000000011100
0000000001000
0000000000000
defpat #162
0000000000
0000000000
0000000000
0000000000
1111111111
0111111110
0011111110
0001111100
0000111000
0000111000
0000110000
0000110000
0000110000
0000110000
0000110000
0000111000
0001111100
0111111110
0111111110
1111111111
defpat #163
1000000001
1000000001
1100000011
1111111111
1100000011
1000000001
1000000001
0000000000
0000000000
defpat #164
000000000000000000000
000000000100000000000
000000001110000000000
000000011111000000000
111111111111111111111
111111111111111111111
011111000000000111110
001110000000000011100
000100000000000001000
000000000000000000000
000000000000000000000
defpat #165
000111110000000
000111110000000
000111110000000
111111111111111
111111111111111
111111111111111
111111111111111
111111111111111
000000111111000
000000111111000
000000111111000
000000000000000
000000000000000
000000000000000
defpat #166
0000000110
0000001001
0000000110
0000011000
0000111100
0000111100
0000011000
0001100000
0010010000
0010010000
0001100000
0110000000
1111000000
1111000000
0110000000
0000000000
defpat #167
00110000000
01001000000
01001000000
00110000000
00001100000
00011110000
00011110000
00001100000
00000011000
00000100100
00000100100
00000011000
00000000110
00000001111
00000001111
00000000110
00000000000
defpat #168
11111111111
11000000011
11000000011
11100000111
11110001111
11111011111
11111111111
11111111111
11111111111
11111111111
11111111111
11111111111
11111111111
11111111111
11111111111
00000000000
00000000000
00000000000
defpat #169
00100
01010
10001
10001
11111
11111
10001
10001
10001
00000
00000
00000
00000
defpat #170
00000000110011
00000000110011
00001111110011
00000000110011
00001111110011
00000000110011
00000000110011
00000000110011
00000000110011
defpat #171
1000
0100
0010
0001
0010
0100
1000
0000
0000
0000
1111
1111
0000
0000
0000
defpat #172
00100
00000
11111
00000
00100
00000
defpat #173
10010
01001
10010
00000
defpat #174
0000000000000000
0000000000000000
0001000001000001
0001000001000001
0001100011100011
0001110111110111
0000111111111110
0000111111111110
0000011111111100
0000011111111100
0000001111111000
0000011111111100
0000111100011110
0001110000000111
0001100000000011
0001000000000001
0000000000000000
defpat #175
000111111111111111
000111111111111111
000110000000000011
000110000000000011
000110011111110011
000110011111110011
000110011000110011
000110011000110011
000110011001110011
000110011001110011
000110011000000011
000110011000000011
000110011111111111
000110011111111111
000110000000000011
000110000000000011
000111111111111111
000111111111111111
000000011000000000
000000011000000000
000000011000000000
000000011000000000
000000011000000000
000000011000000000
000000011000000000
000000011000000000
defpat #176
000001100000110
000001100000110
000011111111111
000011111111111
000001111111110
000000001100000
000000001100000
000000001100000
000000001100000
000000001100000
000000001100000
000000001100000
000000001100000
defpat #177
111111111
111111111
111111111
111000111
111000111
111000111
111000111
111000111
111000111
111000111
111000111
111111111
111111111
111111111
111111111
000000000
000000000
000000000
000000000
000000000
defpat #178
0000010000
0000010000
0000111000
0001111100
0011111110
0011111110
0111111111
0111111111
0111101111
0011000110
0000000000
0000000000
0000000000
0000000000
defpat #179
111111111111111
111111111111111
001111000000000
001111000000000
001111000000000
001111000000000
001111000000000
001111000000000
111111110000000
111111110000000
011111100000000
000110000000000
000000000000000
000000000000000
000000000000000
000000000000000
000000000000000
defpat #180
0000000000
0000000000
0000000000
0000000000
0000001110
0000001110
0000001110
1111111111
1111111111
1111111111
1111111111
0000001110
0000001110
0000001110
defpat #181
000000000000000
000000000000000
000000000000000
000000000000000
000000000000000
000000000000000
000000000000000
000000000000000
000000000000000
000000011110000
000000011110000
000000011110000
111111111111111
111111111111111
000000011110000
000000011110000
000000011110000
defpat #182
00011110000000
00011110000000
00011110000000
00011110000000
11111111110000
11111111110000
11111111110000
00011110000000
00011110000000
00011110000000
00011110000000
11111111111111
11111111111111
11111111111111
11111111111111
00011110000000
00011110000000
00011110000000
00011110000000
11111111110000
11111111110000
11111111110000
defpat #183
0001111000000000000
0001111000000000000
0001111000000000000
0001111000000000000
0001111000000000000
0001111000000000000
0001111000000000000
1111111111000000000
1111111111000000000
1111111111000000000
0001111000000000000
0001111000000000000
0001111000000000000
0001111000000000000
0001111000000000000
0001111000000000000
0001111000000000000
1111111111111111111
1111111111111111111
1111111111111111111
1111111111111111111
defpat #184
000000010000001000
000000010000001000
000011111110001000
000011111110001000
000000010000001000
000000010000001000
defpat #185
0000000100000000001000
0000000100000000001000
0000111111100000001000
0000111111100000001000
0000000100000000001000
0000000100000000001000
defpat #186
100000000010000000000
010000000001000000000
001000000000100000000
111110000000010000000
011111000000001000000
001111100000000100000
000001000000000010000
000000100000000001000
000000010000000000100
000000001000000000010
000000000100000000001
defpat #187
0000000000010000000001
0000000000100000000010
0000000001000000000100
0000000010000000011111
0000000100000000111110
0000001000000001111100
0000010000000000010000
0000100000000000100000
0001000000000001000000
0010000000000010000000
0100000000000100000000
1000000000001000000000
defpat #188
000000010000001000
000000010000001000
000011111110001000
000011111110001000
000000010000001000
000000010000001000
000000010000001000
000000010000001000
111111111111111111
000000010000001000
000000010000001000
defpat #189
0000000100000000001000
0000000100000000001000
0000111111100000001000
0000111111100000001000
0000000100000000001000
0000000100000000001000
0000000100000000001000
0000000100000000001000
1111111111111111111111
0000000100000000001000
0000000100000000001000
defpat #190
100000000010000000000
010000000001000000000
001000000000100000000
111110000000010000000
011111000000001000000
001111100000000100000
000001000000000010000
000000100000000001000
000000010000000000100
000000001000000000010
111111111111111111111
defpat #191
000000000010000000001
000000000100000000010
000000001000000000100
000000010000000011111
000000100000000111110
000001000000001111100
000010000000000010000
000100000000000100000
001000000000001000000
010000000000010000000
100000000000100000000
111111111111111111111
defpat #192
0000100000001111000
0000100000001111000
0000100001111111111
0000100001111111111
0000100000001111000
0000100000001111000
0000100000001111000
0000100000001111000
0000100000001111000
defpat #193
0000100000000000001111000
0000100000000000001111000
0000100000000000001111000
0000100000000001111111111
0000100000000001111111111
0000100000000000001111000
0000100000000000001111000
0000100000000000001111000
0000100000000000001111000
0000100000000000001111000
0000100000000000001111000
0000100000000000001111000
0000100000000000001111000
defpat #194
0000000000
0000000000
0000000000
0000000000
0000000000
1111111111
0000000000
0000000000
0000000000
0000001110
0000001110
0000001110
1111111111
1111111111
1111111111
1111111111
0000001110
0000001110
0000001110
defpat #195
000000000000000
000000000000000
000000000000000
000000000000000
000000000000000
000000000000000
000000000000000
000000000000000
000000000000000
000000011110000
000000011110000
000000011110000
111111111111111
111111111111111
000000011110000
000000011110000
000000011110000
defpat #196
0001111000000000000000
0001111000000000000000
0001111000000000000000
0001111000000000000000
0001111000000000000000
0001111000000000000000
0001111000000000000000
1111111111000000000000
1111111111000000000000
1111111111000000000000
0001111000000000000000
0001111000000000000000
0001111000000000000000
0001111000000000000000
0001111000000000000000
0001111000000000000000
0001111000000000000000
0001111000000000000111
0001111000000000000111
0001111000000000000111
1111111111111111111111
1111111111111111111111
1111111111111111111111
0001111000000000000111
0001111000000000000111
0001111000000000000111
0001111000000000000000
defpat #197
100000000000011111111000
100000000000111111111000
010000000001111111110000
001000000000011111000000
000100000000111100000000
000010000001111000000000
000001000011110000000000
000000100111100000000000
000000011111000000000000
000000011110000000000000
000000111100000000000000
000001111010000000000000
000011110001000000000000
000111100000100000000000
001111000000010000000000
defpat #198
100000000000111111
010000000001111111
001000000011111110
000100000001111000
000010000001111000
000001000011110000
000000100111100000
000000011111000000
000000011110000000
000000111100000000
000001111010000000
000011110001000000
000111100000100000
001111000000010000
011110000000001000
defpat #199
111100000000000001111111000
011110000000000011111111000
001111000000000111111111000
000111100000000000010000000
000011110000000000100000000
000001111000000001000000000
000000111100000010000000000
000000011110000100000000000
000000001111001000000000000
000000000111110000000000000
000000000011111000000000000
000000000001111000000000000
000000000010111100000000000
000000000100011110000000000
000000001000001111000000000
000000010000000111100000000
000000100000000011110000000
defpat #200
11110000000000000111111100000000000
01111000000000001111111100000000000
00111100000000011111111100000000000
00011110000000000001000000000000000
00001111000000000010000000000000000
00000111100000000100000000000000000
00000011110000001000000000000000000
00000001111000010000000000000000000
00000000111100100000000000000000000
00000000011111000000000000000000000
00000000001111100000000000000000000
00000000000111100000000000000000000
00000000001011110000000000000000000
00000000010001111000000000000000000
00000000100000111100000000000000000
00000001000000011110000000000000000
00000010000000001111000000000000000
defpat #201
00000001000
00000001000
00000001000
00000011100
00000111110
00001111111
00000001000
00000001000
00000001000
defpat #202
00000000000001000
00000000000001000
00000000000001000
00000000000011100
00000000000111110
00000000001111111
00000000000001000
00000000000001000
00000000000001000
defpat #203
00000001000
00000001000
00000001000
00000011100
00000111110
00001111111
00000001000
00000001000
00000001000
00000001000
00000001000
00000001000
00000001000
00000001000
00000001000
00000001000
defpat #204
00000000000001000
00000000000001000
00000000000001000
00000000000011100
00000000000111110
00000000001111111
00000000000001000
00000000000001000
00000000000001000
00000000000001000
00000000000001000
00000000000001000
00000000000001000
00000000000001000
00000000000001000
00000000000001000
defpat #205
00000000000010000000
00000000000010000000
00000000000010000000
00000000000111000000
00000000001111100000
00000000011111110000
00000000111111111000
00000001111111111100
00000011111111111110
00000111111111111111
00000000000010000000
00000000000010000000
00000000000010000000
defpat #206
0000000100000000000000000
0000000100000000000000000
0000000100000000000000000
0000001110000000000000000
0000011111000000000000000
0000111111100000000000000
0001111111110000000000000
0011111111111000000000000
0111111111111100000000000
1111111111111110000000000
0000000100000000000000000
0000000100000000000000000
0000000100000000000000000
defpat #207
00000001000000000000
00000001000000000000
00000001000000000000
00000011100000000000
00000111110000000000
00001111111000000000
00011111111100000000
00111111111110000000
01111111111111000000
11111111111111100000
00000001000000000000
00000001000000000000
00000001000000000000
00000001000000000000
00000001000000000000
00000001000000000000
00000001000000000000
00000001000000000000
00000001000000000000
00000001000000000000
defpat #208
000000010000000000000000000
000000010000000000000000000
000000010000000000000000000
000000111000000000000000000
000001111100000000000000000
000011111110000000000000000
000111111111000000000000000
001111111111100000000000000
011111111111110000000000000
111111111111111000000000000
000000010000000000000000000
000000010000000000000000000
000000010000000000000000000
000000010000000000000000000
000000010000000000000000000
000000010000000000000000000
000000010000000000000000000
000000010000000000000000000
000000010000000000000000000
000000010000000000000000000
000000010000000000000000000
defpat #209
000000000000
000000000000
000000000000
000000000000
000100000000
001110000000
011111000000
111111100000
111111111111
defpat #210
000000000000000000000000
000000000000000000000000
000000000000000000000000
000000000000000000000000
000100000000000000000000
001110000000000000000000
011111000000000000000000
111111100000000000000000
111111111111111111111111
defpat #211
000000000000
000000000000
000000000000
000000000000
000000000000
000000000000
000000000000
000000000000
000000000000
000000000000
000100000000
001110000000
011111000000
111111100000
111111111111
defpat #212
000000000000000000000000
000000000000000000000000
000000000000000000000000
000000000000000000000000
000000000000000000000000
000000000000000000000000
000000000000000000000000
000000000000000000000000
000000000000000000000000
000000000000000000000000
000100000000000000000000
001110000000000000000000
011111000000000000000000
111111100000000000000000
111111111111111111111111
defpat #213
00000000000000000000
00000000000000000000
00000001000000000000
00000011100000000000
00000111110000000000
00001111111000000000
00011111111100000000
00111111111110000000
01111111111111000000
11111111111111100000
11111111111111111111
00000000000000000000
00000000000000000000
00000000000000000000
defpat #214
00000000000000000000000000000
00000000000000000000000000000
00000000000000001000000000000
00000000000000011100000000000
00000000000000111110000000000
00000000000001111111000000000
00000000000011111111100000000
00000000000111111111110000000
00000000001111111111111000000
00000000011111111111111100000
11111111111111111111111111111
00000000000000000000000000000
00000000000000000000000000000
00000000000000000000000000000
defpat #215
00000000000000000000
00000000000000000000
00000001000000000000
00000011100000000000
00000111110000000000
00001111111000000000
00011111111100000000
00111111111110000000
01111111111111000000
11111111111111100000
11111111111111111111
00000000000000000000
00000000000000000000
00000000000000000000
00000000000000000000
00000000000000000000
00000000000000000000
00000000000000000000
00000000000000000000
00000000000000000000
defpat #216
00000000000000000000000000000
00000000000000000000000000000
00000000000000001000000000000
00000000000000011100000000000
00000000000000111110000000000
00000000000001111111000000000
00000000000011111111100000000
00000000000111111111110000000
00000000001111111111111000000
00000000011111111111111100000
11111111111111111111111111111
00000000000000000000000000000
00000000000000000000000000000
00000000000000000000000000000
00000000000000000000000000000
00000000000000000000000000000
00000000000000000000000000000
00000000000000000000000000000
00000000000000000000000000000
00000000000000000000000000000
defpat #217
0000000000100
0000000000100
0000000000100
0000000000100
0000000000100
0001000000100
0011100000100
0111110000100
1111111000100
1111111111111
defpat #218
000000001000
000000011100
000000111110
000001111111
000000001000
000000001000
000000001000
111111111111
000000001000
000000001000
defpat #219
000000000000000010000000
000000000000000010000000
000000000000000010000000
000000000000000010000000
000000000000000010000000
000000000000000010000000
000000000000000010000000
000000000000000010000000
000000000000000010000000
000000000000000010000000
000100000000000010000000
001110000000000010000000
011111000000000010000000
111111100000000010000000
111111111111111111111111
defpat #220
00000000000001000
00000000000001000
00000000000001000
00000000000011100
00000000000111110
00000000001111111
00000000000001000
00000000000001000
00000000000001000
00000000000001000
00000000000001000
00000000000001000
11111111111111111
00000000000001000
00000000000001000
00000000000001000
defpat #221
0000000001100000000000000
0000000001100000000000000
0000000001100000000000000
0000000001100000000000000
0001111001100000001111000
0011111111111000011111100
0110000111111111110000110
1100000001100111100000011
0000000001100000000000000
0000000001100000000000000
0000000001100000000000000
0000000001100000000000000
defpat #222
000000000001100000000000000
000000000001100000000000000
000000000001100000000000000
000000000001100000000000000
000000000001100000000000000
000000000001100000000000000
000000000001100000000000000
000000000001100000000000000
000111100001100000001111000
001111111111111000011111100
011000011111111111110000110
110000000001100111100000011
000000000001100000000000000
000000000001100000000000000
000000000001100000000000000
000000000001100000000000000
000000000001100000000000000
000000000001100000000000000
000000000001100000000000000
000000000001100000000000000
defpat #223
000000000110001100000000000000
000000000110001100000000000000
000000000110001100000000000000
000000000110001100000000000000
000111100110001100000001111000
001111111111001100001111111100
011000011111111111111000000110
110000000110011110010000000011
000000000110001100000000000000
000000000110001100000000000000
000000000110001100000000000000
000000000110001100000000000000
defpat #224
000000000110001100000000000000
000000000110001100000000000000
000000000110001100000000000000
000000000110001100000000000000
000000000110001100000000000000
000000000110001100000000000000
000000000110001100000000000000
000000000110001100000000000000
000111100110001100000001111000
001111111111001100001111111100
011000011111111111111000000110
110000000110011110010000000011
000000000110001100000000000000
000000000110001100000000000000
000000000110001100000000000000
000000000110001100000000000000
000000000110001100000000000000
000000000110001100000000000000
000000000110001100000000000000
000000000110001100000000000000
defpat #225
00000000110000000000000
00000000110000000000000
00000000110000000000000
00000000110000000000000
00000000011000000000000
00000000001111111100000
00000000000000000110000
00000000000000000110000
00000000000000000110000
00000000001111111100000
00000000011000000000000
00000000110000000000000
00000000110000000000000
00000000110000000000000
00000000110000000000000
11111111111111111111111
00000000110000000000000
00000000110000000000000
00000000110000000000000
00000000110000000000000
00000001100000000000000
01111111000000000000000
11000000000000000000000
11000000000000000000000
11000000000000000000000
01111111100000000000000
00000000110000000000000
00000000011000000000000
00000000011000000000000
00000000011000000000000
00000000011000000000000
11111111111111111111111
defpat #226
00000000000001100000000000000000
00000000000001100000000000000000
00000000000001100000000000000000
00000000000001100000000000000000
00000000000000110000000000000000
00000000000000011111111000000000
00000000000000000000001100000000
00000000000000000000001100000000
00000000000000000000001100000000
00000000000000011111111000000000
00000000000000110000000000000000
00000000000001100000000000000000
00000000000001100000000000000000
00000000000001100000000000000000
00000000000001100000000000000000
11111111111111111111111111111111
00000000000001100000000000000000
00000000000001100000000000000000
00000000000001100000000000000000
00000000000001100000000000000000
00000000000011000000000000000000
00000111111110000000000000000000
00001100000000000000000000000000
00001100000000000000000000000000
00001100000000000000000000000000
00000111111110000000000000000000
00000000000011000000000000000000
00000000000001100000000000000000
00000000000001100000000000000000
00000000000001100000000000000000
00000000000001100000000000000000
11111111111111111111111111111111
defpat #227
000000001100000000000110000000000000
000000001100000000000110000000000000
000000001100000000000110000000000000
000000001100000000000110000000000000
000000000110000000000011000000000000
000000000011111111000001111111100000
000000000000000001100000000000110000
000000000000000001100000000000110000
000000000000000001100000000000110000
000000000011111111000001111111100000
000000000110000000000011000000000000
000000001100000000000110000000000000
000000001100000000000110000000000000
000000001100000000000110000000000000
000000001100000000000110000000000000
111111111111111111111111111111111111
000000001100000000000110000000000000
000000001100000000000110000000000000
000000001100000000000110000000000000
000000001100000000000110000000000000
000000011000000000001100000000000000
011111110000001111111000000000000000
110000000000011000000000000000000000
110000000000011000000000000000000000
110000000000011000000000000000000000
011111111000001111111100000000000000
000000001100000000000110000000000000
000000000110000000000011000000000000
000000000110000000000011000000000000
000000000110000000000011000000000000
000000000110000000000011000000000000
111111111111111111111111111111111111
defpat #228
0000000011000000000001100000000000000000000000
0000000011000000000001100000000000000000000000
0000000011000000000001100000000000000000000000
0000000011000000000001100000000000000000000000
0000000001100000000000110000000000000000000000
0000000000111111110000011111111000000000000000
0000000000000000011000000000001100000000000000
0000000000000000011000000000001100000000000000
0000000000000000011000000000001100000000000000
0000000000111111110000011111111000000000000000
0000000001100000000000110000000000000000000000
0000000011000000000001100000000000000000000000
0000000011000000000001100000000000000000000000
0000000011000000000001100000000000000000000000
0000000011000000000001100000000000000000000000
1111111111111111111111111111111111111111111111
0000000011000000000001100000000000000000000000
0000000011000000000001100000000000000000000000
0000000011000000000001100000000000000000000000
0000000011000000000001100000000000000000000000
0000000110000000000011000000000000000000000000
0111111100000011111110000000000000000000000000
1100000000000110000000000000000000000000000000
1100000000000110000000000000000000000000000000
1100000000000110000000000000000000000000000000
0111111110000011111111000000000000000000000000
0000000011000000000001100000000000000000000000
0000000001100000000000110000000000000000000000
0000000001100000000000110000000000000000000000
0000000001100000000000110000000000000000000000
0000000001100000000000110000000000000000000000
1111111111111111111111111111111111111111111111
defpat #229
0100001001110000100001000
0010000101101000010000100
0001000011100100001000010
0001111001100010001111001
1011111111111001011111100
0110001111111111110001110
1110000101101111110000111
0001000011100100001000010
0000100001100010000100001
1000010001100001000010000
defpat #230
0001000011100100001000010
0010000101101000010000100
0100001001110000100001000
1001111001100001001111000
0011111111111010011111101
0111000111111111111000110
1110000101101111110000111
0100001001110000100001000
1000010001100001000010000
0000100001100010000100001
defpat #231
1111111111111111111
0100000011000000010
0010000011000000100
0001000011000001000
0000100011000010000
0000010011000100000
0000001001101000000
0000000100111111110
0000000010100000011
0000000001000000011
0000000010100000011
0000000101111111110
0000001001101000000
0000010011000100000
0000100011100010000
0001000011000001000
1010000011000000101
1111111111111111111
1010000011000000101
0001000011000001000
0000100011000010000
0000010011000100000
0000001110001000000
0111111100010000000
1100000010100000000
1100000001000000000
1100000010100000000
0111111110010000000
0000001011001000000
0000010001100100000
0000100001100010000
0001000001100001000
0010000001100000100
0100000001100000010
1111111111111111111
defpat #232
0000011000011000011000000
0000100100011000100100000
0001000010011001000010000
0010000001011010000001000
0101111000111100001111101
1011111111111000011111110
0110000111111111110000110
1110000000111111100001011
0001000001011010000010000
0000100010011001000100000
0000010100011000101000000
defpat #233
1111000001111110000011
0001100000000011000000
0000110000000001100000
0000011111100000111111
1000000000110000000001
1100000000011000000000
0110000000001100000000
0011111100000111111000
0000000110000000001100
0000000011000000000110
defpat #234
1100000111111000001111
0000001100000000011000
0000011000000000110000
1111110000011111100000
1000000000110000000001
0000000001100000000011
0000000011000000000110
0001111110000011111100
0011000000000110000000
0110000000001100000000
defpat #235
10001110010
01001110100
00101110100
00011111000
00001110000
00001110000
00001110000
00011111000
00101110100
01001110010
10001110001
defpat #236
111000010000111
011100010001110
001110010011100
000111010111000
000011111110000
000001111100001
000000111000000
000001111100000
000011111110000
000111010111000
001110010011100
011100010001110
defpat #237
00111111000000000011111100000111
00000001100000000000000110001100
00000000110000000000000011011000
00000000011000000000000001110000
00000000001111110000011111111111
10000000000000011000110000000001
11000000000000001101100000000000
01100000000000000111000000000000
00111111000001111111111100000000
00000001100011000000000110000000
00000000110110000000000011000000
00000000011100000000000001100000
00000111111111110000000000111111
10001100000000011000000000000001
11011000000000001100000000000000
01110000000000000110000000000000
defpat #238
00111111000000000011111100000000
00000001100000000000000110000000
00000000110000000000000011000000
00000000011000000000000001100000
00000000001111110000000000111111
10000000000000011000000000000001
11000000000000001100000000000000
01100000000000000110000000000000
00111111000000000011111100000000
00000001100000000000000110000000
00000000110000000000000011000000
00000000011000000000000001100000
00000000001111110000000000111111
10000000000000011000000000000001
11000000000000001100000000000000
01100000000000000110000000000000
defpat #239
11100000000001111110000000000111
00000000000011000000000000001100
00000000000110000000000000011000
00000000001100000000000000110000
00000111111000000000011111100000
00001100000000000000110000000000
00011000000000000001100000000000
00110000000000000011000000000000
11100000000001111110000000000111
00000000000011000000000000001100
00000000000110000000000000011000
00000000001100000000000000110000
00000111111000000000011111100000
00001100000000000000110000000000
00011000000000000001100000000000
00110000000000000011000000000000
defpat #240
00000000110000000000000
00000000110000000000000
00000000110000000000000
00000000110000000000000
00000000011000000000000
00000000001111111100000
00000000000000000110000
00000000000000000110000
00000000000000000110000
00000000001111111100000
00000000011000000000000
00000000110000000000000
00000000110000000000000
00000000110000000000000
00000000110000000000000
11111111111111111111111
11111111111111111111111
11111111111111111111111
00000000110000000000000
00000000110000000000000
00000000110000000000000
00000000110000000000000
00000001100000000000000
01111111000000000000000
11000000000000000000000
11000000000000000000000
11000000000000000000000
01111111100000000000000
00000000110000000000000
00000000011000000000000
00000000011000000000000
00000000011000000000000
00000000011000000000000
11111111111111111111111
11111111111111111111111
11111111111111111111111
defpat #241
00000000000001100000000000000000
00000000000001100000000000000000
00000000000001100000000000000000
00000000000001100000000000000000
00000000000000110000000000000000
00000000000000011111111000000000
00000000000000000000001100000000
00000000000000000000001100000000
00000000000000000000001100000000
00000000000000011111111000000000
00000000000000110000000000000000
00000000000001100000000000000000
00000000000001100000000000000000
00000000000001100000000000000000
00000000000001100000000000000000
11111111111111111111111111111111
11111111111111111111111111111111
11111111111111111111111111111111
00000000000001100000000000000000
00000000000001100000000000000000
00000000000001100000000000000000
00000000000001100000000000000000
00000000000011000000000000000000
00000111111110000000000000000000
00001100000000000000000000000000
00001100000000000000000000000000
00001100000000000000000000000000
00000111111110000000000000000000
00000000000011000000000000000000
00000000000001100000000000000000
00000000000001100000000000000000
00000000000001100000000000000000
00000000000001100000000000000000
11111111111111111111111111111111
11111111111111111111111111111111
11111111111111111111111111111111
defpat #242
000000000111100000000000000
000000000111100000000000000
000000000111100000000000000
000000000111100000000000000
000111100111100000001111000
001111111111111000011111100
011000011111111111110000110
110000000111100111100000011
000000000111100000000000000
000000000111100000000000000
000000000111100000000000000
000000000111100000000000000
defpat #243
0001000100000001000
0001000100000001000
0001000100001111111
0001000100001111111
0001000100000001000
0001000100000001000
0001000100000001000
0001000100000001000
defpat #244
000000000
000000000
000000000
000000000
000000000
111111111
000000000
000000000
000000000
111111111
000000000
000000000
000000000
000111000
000111000
000111000
111111111
000111000
000111000
000111000
defpat #245
00000000010001000000001000
00000000010001000000001000
00000000010001000000001000
00000000010001000001111111
00000000010001000001111111
00000000010001000000001000
00000000010001000000001000
00000000010001000000001000
00000000010001000000001000
defpat #246
00000000000
00000000000
00000000000
00000000000
00000000000
00000000000
00000000000
00000000000
11111111111
00000000000
00000000000
00000000000
11111111111
00000000000
00000000000
00000000000
00011000000
00011000000
00011000000
11111111111
00011000000
00011000000
00011000000
defpat #247
0010010010001
0001001001010
0000100100100
0000010011010
0000001011001
defpat #248
10001001001
01010010010
00100100100
01011001000
10011010000
defpat #249
00100100100000001
00010010010000010
00001001001000100
00000100100101000
00000010010010000
00000001001101000
00000000101100100
00000000010010010
00000000101001001
defpat #250
00100100100000001
00010010010000010
00001001001000100
00000100100101000
00000010010010000
00000001001101000
00000000101100100
00000000010010010
00000000101001001
defpat #251
100100000100100000
010010001001000000
001001010010000000
000100100100000000
000011011000000000
000100100100000000
001001010010000000
010010001001000000
100100000100100000
defpat #252
1001000001001000000000000
0100100010010000000000000
0010010100100000000000000
0001001001000000000000000
0000110110000000000000000
0001001001000000000000000
0010010100100000000000000
0100100010010000000000000
1001000001001000000000000
