  1    4.6 0.5175 0.6050 0.7731 1.0040 1.3275 1.8656 2.7456    0.0    0.0    0.0
   105-mm howitzer (M102)
    83.7813.9117.8013.9110.02 6.46 2.97 0.53 0.00 0.53 2.97 6.4610.0213.9110.84
  2   15.4 1.7687 2.2875 3.0875 4.0250 7.0500 9.837513.2750  20.34              
   155-mm howitzer (M109)
    75.7418.51 0.63 0.46 0.29 1.00 1.45 0.390.    0.39 1.45 1.00 0.29 0.46 0.67
  3   36.3 5.3188 6.2688 7.5125 9.518816.850022.012528.1375  38.00   43.6    0.0
   8" howitzer (M110)
    83.6414.1313.7710.29 6.82 4.01 1.42-0.64 0.00-0.64 1.42 4.01 6.8210.29 7.36
  4   31.323.560039.70057.2400    0.0    0.0    0.0    0.0    0.0    0.0    0.0
   175-mm gun
    73.2917.5016.3313.08 9.84 5.41 3.03 0.50 0.00 0.50 3.03 5.41 9.8413.08 9.90
  5   15.4 1.7687 2.2875 3.0875 4.0250 7.0500 9.837513.2750   0.00    0.0    0.0
   155-mm howitzer (M109A1)
    72.0818.11-1.88-1.71-1.53-0.49 0.94-0.52 0.00-0.52 0.94-0.49-1.53-1.71-0.60
  6   15.4 1.7687 2.2875 3.0875 4.0250 7.0500 9.837513.2750  20.34    0.0    0.0
   155-mm howitzer (M114)
    80.8615.5914.9312.5510.18 6.87 3.20 1.56 0.00 1.56 3.20 6.8710.1812.55 9.45
  7   36.3 5.3188 6.2688 7.5125 9.518816.850022.012528.1375  38.00   43.6    0.0
   8" howitzer (M110A1)
    76.9915.8716.3313.08 9.84 5.41 3.03 0.50 0.00 0.50 3.03 5.41 9.8413.08 9.90
  8   15.4 1.7687 2.2875 3.0875 4.0250 7.0500 9.837513.2750  20.34    0.0    0.0
   155-mm howitzer (M198)
    72.0818.11-1.88-1.71-1.53-0.49 0.94-0.52 0.00-0.52 0.94-0.49-1.53-1.71-0.60
  9   36.3 5.3188 6.2688 7.5125 9.518816.850022.012528.1375  38.00   43.6    0.0
   8" howitzer (M110A2)
    73.2917.50 0.00 0.00 0.00 0.00 0.00 0.00 0.00 0.00 0.00 0.00 0.00 0.00 0.00
 10    0.0 0.2500 1.0000 5.000010.000015.000025.000035.000050.000070.000090.0000
   Small-charge TNT(0.25-90lb)
     0.00 0.00 0.00 0.00 0.00 0.00 0.00 0.00 0.00 0.00 0.00 0.00 0.00 0.00 0.00
 11    0.0110.000140.000170.000200.000240.000290.000340.000390.000440.000500.000
   Large-charge TNT(110-500lb)
     0.00 0.00 0.00 0.00 0.00 0.00 0.00 0.00 0.00 0.00 0.00 0.00 0.00 0.00 0.00
 20   0.42 0.0210 0.0420 0.0630 0.0840    0.0    0.0    0.0    0.0    0.0    0.0
   60-mm mortar
    95.0020.00 8.29 6.39 4.48 5.75 2.20 2.88  0.0 2.88 2.20 5.75 4.48 6.39 4.86
 22   2.25 0.0420 0.0653 0.0886 0.1119 0.1352 0.1585 0.1818 0.1941 0.2284    0.0
   81-mm mortar
    90.2719.57 8.29 6.39 4.48 5.75 2.20 2.88  0.0 2.88 2.20 5.75 4.48 6.39 4.86
 23   8.50 0.0803 0.1132 0.1642 0.3369 0.6717   0.0    0.0    0.0    0.0    0.0 
   107-mm mortar(4.2")
    85.1718.85 8.45 6.61 4.78 5.17 1.89 1.58  0.0 1.58 1.89 5.17 4.78 6.61 4.74
 30   0.55 1.0    0.0    0.0    0.0    0.0      0.0    0.0    0.0    0.0    0.0 
   57-mm recoilless rifle
    106.0  0.0 2.28-0.87-4.02-4.77-2.40-0.07  0.0-0.07-2.40-4.77-4.02-0.87-1.29
 31   1.72 1.31   0.0    0.0    0.0    0.0      0.0    0.0    0.0    0.0    0.0 
   90-mm recoilless rifle(M67)
    107.1  0.0-9.51-9.75-9.98-7.18-3.17-0.49  0.0-0.49-3.17-7.18-9.98-9.75-4.11
 32   2.79 8.0    0.0    0.0    0.0    0.0      0.0    0.0    0.0    0.0    0.0 
   106mm recoilless rifle(M40A1)
    117.8  0.0 2.28-0.87-4.02-4.77-2.40-0.07  0.0-0.07-2.40-4.77-4.02-0.87-1.29
 40   0.05 0.2    0.0    0.0    0.0    0.0      0.0    0.0    0.0    0.0    0.0 
   20-mm gun
    90.0015.0013.7710.29 6.82 4.01 1.42-0.64  0.0-0.64 1.42 4.01 6.8210.29 7.36
 41   0.14 0.718  0.0    0.0    0.0    0.0      0.0    0.0    0.0    0.0    0.0 
   40-mm gun
    85.0015.0013.7710.29 6.82 4.01 1.42-0.64  0.0-0.64 1.42 4.01 6.8210.29 7.36
 42   0.44 2.280  0.0    0.0    0.0    0.0      0.0    0.0    0.0    0.0    0.0 
   57-mm gun
    85.0015.0013.7710.29 6.82 4.01 1.42-0.64  0.0-0.64 1.42 4.01 6.8210.29 7.36
 43   1.90 7.310  0.0    0.0    0.0    0.0      0.0    0.0    0.0    0.0    0.0 
   90-mm gun
    85.0015.0013.7710.29 6.82 4.01 1.42-0.64  0.0-0.64 1.42 4.01 6.8210.29 7.36
 50   5.00 0.010  0.0    0.0    0.0    0.0      0.0    0.0    0.0    0.0    0.0 
   2.75" rocket
    88.7513.85 0.00 0.00 0.00 0.00 0.00 0.00 0.00 0.00 0.00 0.00 0.00 0.00 0.00
 51   1.88 0.010  0.0    0.0    0.0    0.0      0.0    0.0    0.0    0.0    0.0 
   3.50" rocket
    88.7513.85 0.00 0.00 0.00 0.00 0.00 0.00 0.00 0.00 0.00 0.00 0.00 0.00 0.00
 52   0.13 0.850  0.0    0.0    0.0    0.0      0.0    0.0    0.0    0.0    0.0 
   66mm. rocket
    88.7513.85 0.00 0.00 0.00 0.00 0.00 0.00 0.00 0.00 0.00 0.00 0.00 0.00 0.00
 53   0.66 0.010  0.0    0.0    0.0    0.0      0.0    0.0    0.0    0.0    0.0 
   LAW MISSILE (72)
    106.8 0.00-18.5-17.1-16.0-8.00-5.40-1.90 0.00-1.90-5.40-8.00-16.0-17.1-5.60
 54   5.30 0.010  0.0    0.0    0.0    0.0      0.0    0.0    0.0    0.0    0.0 
   TOW MISSILE (72)
    106.100.00-22.0-19.7-18.2-6.40-3.50-1.40 0.00-1.40-3.50-6.40-18.2-19.7-4.90
 55   3.50 0.010  0.0    0.0    0.0    0.0      0.0    0.0    0.0    0.0    0.0 
   DRAGON MISSILE
    88.7513.85 0.00 0.00 0.00 0.00 0.00 0.00 0.00 0.00 0.00 0.00 0.00 0.00 0.00
 56   8.00 14.00  0.0    0.0    0.0    0.0      0.0    0.0    0.0    0.0    0.0 
   Shillelagh missile(from 152-mm gun)
    88.7513.85 0.00 0.00 0.00 0.00 0.00 0.00 0.00 0.00 0.00 0.00 0.00 0.00 0.00
 60   0.60 0.010  0.0    0.0    0.0    0.0      0.0    0.0    0.0    0.0    0.0 
   40-mm grenade launcher (M203)
    85.00 0.00 0.00 0.00 0.00 0.00 0.00 0.00 0.00 0.00 0.00 0.00 0.00 0.00 0.00
 61   0.60 .0001  0.0    0.0    0.0    0.0      0.0    0.0    0.0    0.0    0.0 
   Rifle grenade (M79)
    65.00 0.00 0.00 0.00 0.00 0.00 0.00 0.00 0.00 0.00 0.00 0.00 0.00 0.00 0.00
 62   0.60 0.010  0.0    0.0    0.0    0.0      0.0    0.0    0.0    0.0    0.0 
   Hand grenade (M67)
    65.00 0.00 0.00 0.00 0.00 0.00 0.00 0.00 0.00 0.00 0.00 0.00 0.00 0.00 0.00
 90   6.60 5.900  0.0    0.0    0.0    0.0      0.0    0.0    0.0    0.0    0.0 
   M60 tank (105-mm) regular shell
    111.4 0.0015.3514.0412.73 7.61 4.81 1.09 0.00 1.09 4.81 7.6112.7314.0410.78
 91   2.14 11.50  0.0    0.0    0.0    0.0      0.0    0.0    0.0    0.0    0.0 
   M60 tank (105-mm) hi-vel. shell
    115.8 0.0015.3514.0412.73 7.61 4.81 1.09 0.00 1.09 4.81 7.6112.7314.0410.78
 92   9.50  6.00  0.0    0.0    0.0    0.0      0.0    0.0    0.0    0.0    0.0 
   152-mm tank gun (Sheridan) reg. shell
    115.8 0.00 7.56 7.38 7.19 2.73 1.05-0.39 0.00-0.39 1.05 2.73 7.19 7.38 4.80
 93   6.30  6.00  0.0    0.0    0.0    0.0      0.0    0.0    0.0    0.0    0.0 
   152-mm tank gun (Sheridan) HEAT-T reg. shell
    115.8 0.00 7.56 7.38 7.19 2.73 1.05-0.39 0.00-0.39 1.05 2.73 7.19 7.38 4.80
 94  20.00  2.12  0.0    0.0    0.0    0.0      0.0    0.0    0.0    0.0    0.0 
   165-mm cannon(M135)
    60.9114.4913.7710.29 6.82 4.01 1.42-0.64 0.00-0.64 1.42 4.01 6.8210.29 7.36
 95   0.10  0.10  0.0    0.0    0.0    0.0      0.0    0.0    0.0    0.0    0.0 
   120-mm Abrams HEAT shell
    117.4 0.00 7.20 6.50 5.60 4.30 2.80 1.40 0.00 1.40 2.80 4.30 5.60 6.50 4.60
 96   0.10  0.10  0.0    0.0    0.0    0.0      0.0    0.0    0.0    0.0    0.0 
   120-mm Abrams SABO
*   118.6 0.00 5.40 5.30 5.20 3.70 1.30 0.70 0.00 0.70 1.30 3.70 5.20 5.30 3.60
