A 594408.4854329 4923821.499373       1          
a 597973.7110744 4918925.061291      25          
a 600499.6186363 4922700.866272       3          
a 602980.3274463 4920899.088294       3          
A 607758.9559961 4927375.043924       4          
A 592138.1027478 4926192.787955       5          
A 595543.6767754 4927706.376412      38          
A 597233.8505521 4922484.496236      37          
a 600146.2897374 4921287.740587      25          
a 599327.6479172 4924225.122961      40          
a 600059.2156713 4923670.140527      40          
a 600816.0098996 4923695.367001      40          
A 600689.8775282 4924124.217064       4          
A 599100.6096487 4923064.705144       2          
A 600008.7627227 4922131.325596       3          
A 598999.7037516 4922383.590339       2          
A 598545.6272146 4922484.496236       2          
A 607273.9873149 4922383.590339      28          
a 603061.1661104 4923947.631744       8          
a 597082.4917064 4927580.244040      30          
A 598242.9095232 4927756.829360      29          
A 599151.0625972 4927479.338143      30          
a 598722.2125345 4926192.787955      31          
a 597679.7295413 4926327.540428      32          
a 597697.8148529 4925730.725147      32          
a 598299.1514617 4925576.999999      32          
A 596451.8298494 4923998.084692      21          
a 596561.5349433 4923514.633717      25          
A 597158.9940757 4924655.237515      25          
a 597702.1387415 4924492.294115      25          
a 598109.4972408 4924899.652614      25          
a 598408.2268070 4923786.206050      25          
A 597233.8505521 4921298.851945      16          
a 602101.6105342 4923080.117984      20          
A 602480.9572020 4924149.443538      13          
a 600798.0633364 4926311.828745      20          
A 600185.3480426 4926016.202635      19          
A 600790.7834253 4927327.979297       8          
A 602228.6924592 4927428.885194       9          
A 604464.2898303 4927099.388511      20          
A 604844.4910964 4927751.162110      20          
A 605180.1899498 4927403.658720      36          
A 608989.3875659 4927126.167503      10          
A 608972.3905562 4925252.696647      23          
A 608565.0320569 4925551.426213      23          
a 605193.0032445 4924552.196770      13          
a 604496.5241373 4923426.381227      13          
A 603678.8190829 4921462.743318      17          
a 604069.6553494 4921462.743318      17          
A 605482.9076412 4922358.363864      12          
A 606340.6077666 4921778.154956      11          
A 605521.3329106 4921574.410822      17          
A 605577.1666630 4920960.239546      17          
A 606340.6077666 4921197.946048      11          
A 599529.4597114 4914689.515684      18          
a 598179.1944759 4923026.088384      10          
A 600726.6170062 4922780.803952      10          
a 601981.7213256 4924482.640317      10          
A 599504.2332371 4924351.255332      14          
a 601449.8974614 4921887.339860      20          
A 598293.3624718 4922888.119824      39          
A 597914.9653576 4918044.636763      40          
a 595504.3495022 4926738.817230      32          
a 603270.4349704 4925688.884837      32          
A 600595.2880812 4926475.692745      33          
A 600614.1981054 4925738.711418      26          
A 597486.1152948 4923771.046424      22          
A 597684.0988193 4925452.842464      33          
A 598268.1359975 4925133.276035      32          
A 597687.9270891 4924653.973024      31          
A 600689.8775282 4923745.819950      24          
A 600084.4421455 4923771.046424      23          
A 602929.4848767 4920915.583524      34          
A 603666.6014931 4922812.440402       5          
A 605861.3047553 4924401.708281       6          
A 604883.2940463 4921230.500961      35          
A 605154.9634755 4923140.384567       7          
A 604120.6780301 4922787.213927       5          
A 599327.6479172 4922080.872647       3          
A 604084.2469036 4921501.720178      15          
A 604441.4512183 4922292.672589      15          
A 602068.5939848 4923160.168782      15          
A 596838.1022335 4927752.795685      15          
A 600387.1598369 4925562.126098      27          
A 602354.8248306 4922282.684442       4          
a 603854.6155584 4925762.657360      35          
