0.0000
0.0000
0.0000
0.0000
0.0000
0.0000
0.0000
0.0000
0.0000
0.0001
0.0001
0.0002
0.0003
0.0006
0.0013
0.0068
0.0231
0.0559
0.1520
0.3030
0.4931
0.7060
0.9362
1.2218
1.6170
2.1630
2.7780
3.2865
3.6382
3.8828
4.0565
4.1794
4.2598
4.2996
4.3039
4.2802
4.2356
4.1765
4.1074
4.0290
3.9456
3.8589
3.7636
3.6599
3.5504
3.4341
3.3129
3.1884
3.0650
2.9389
2.8131
2.6863
2.5626
2.4409
2.3290
2.2190
2.1141
2.0157
1.9228
1.8387
1.7605
1.6844
1.6126
1.5473
1.4879
1.4339
1.3828
1.3370
1.2943
1.2537
1.2154
1.1801
1.1485
1.1222
1.0969
1.0738
1.0530
1.0336
1.0150
0.9973
0.9806
0.9651
0.9508
0.9381
0.9266
0.9160
0.9064
0.8974
0.8891
0.8814
0.8743
0.8677
0.8615
0.8555
0.8496
0.8439
0.8385
0.8329
0.8275
0.8222
0.8168
