0.00
10.00
10.00
10.00
10.00
15.00
15.00
15.00
15.00
18.00
18.00
32.00
32.00
32.00
109.00
109.00
109.00
33.00
33.00
33.00
33.00
23.00
23.00
23.00
23.00
16.00
16.00
16.00
16.00
14.00
14.00
14.00
14.00
12.00
12.00
12.00
12.00
12.00
12.00
12.00
12.00
0.00
0.00
0.00
0.00
0.00
0.00
0.00
0.00
0.00
0.00
0.00
0.00
0.00
0.00
0.00
0.00
0.00
0.00
0.00
0.00
0.00
0.00
0.00
0.00
0.00
0.00
0.00
0.00
0.00
0.00
0.00
0.00
0.00
0.00
0.00
0.00
0.00
0.00
0.00
0.00
0.00
0.00
0.00
0.00
0.00
0.00
0.00
0.00
0.00
0.00
0.00
0.00
0.00
0.00
0.00
0.00
0.00
0.00
0.00
0.00
