  10 270
   7 225
   5 315
   7 270
   7 225
   5 180
   2 225
   2 270
   2 225
   2 270
   1 225
   3 270
   1 315
   3 270
   7 270
  10 225
   8 270
   8 270
   6 270
   3 270
   1 270
   9 225
   9 180
   5 270
   5 225
   7 180
   9 270
   6 225
   5 270
   7 315
  11 270
  11 225
   6 225
   9 315
  10 270
  10 225
  11 180
  12 270
  12 270
  12 270
  10 225
   5 180
   1 270
   1 315
   2 270
   7 225
   9 180
   1 225
   2 180
   1 180
   3 315
  10 270
  12 270
  13 270
  12 270
  15 180
  16 315
  19 270
  15 270
  14 225
  11 270
   8 225
   7 270
   7 225
   7 180
  10 270
   7 315
   5 270
   5 270
   3 270
   5 180
   8 180
   6 180
   1  90
   1 315
   8 315
  13 270
  15 270
  11 270
   5 225
   6 315
  14 315
  15 270
  11 225
  10 180
  10 180
   7 180
   5 270
   7 180
   5 225
   7 225
   5 270
   5 270
   3 270
   3 270
   5 180
   9 225
   8 180
   7 225
  11 315
  14 270
   9 270
   5 270
   5 225
   6 315
   9 270
  10 270
   5 270
   8 180
   5 180
   5 180
   7 180
   7 225
   9 180
   7 225
   5 225
   8 315
   5 225
   2 225
   5 270
   8 270
  10 225
  10 225
  11 270
   8 225
  14 315
  14 270
  11 270
  10 270
  11 270
  13 270
  14 270
   8 270
   5 225
   9 180
   7 225
   3 225
   2 225
   5 180
   5 180
   3 180
   3 180
   7 360
   7 270
   3 180
   3 315
  10 270
   8 270
  10 180
  10 315
  15 270
  17 270
  19 315
  16 270
  13 270
  11 225
  10 270
   8 270
   5 225
   5 225
   5 180
   6 180
   7 180
   6 180
   7 180
   8 135
   9  90
   6 135
   2  90
   2 360
   6 360
   5 270
   3 225
   8 270
   9 270
   3 225
   6 180
   5 360
  11 315
  16 270
  15 270
   9 270
   5 180
   5 180
   5 270
   3 270
   6 225
  10 180
   7 135
   7  90
   7 135
   6 135
   8 180
   5 180
   2  90
   1 135
   3 135
   1 360
   5 360
   9 315
  10 270
  10 315
   5 270
   5 225
   5 180
   7 315
  10 315
  11 315
  11 270
   6 270
   3 225
   3 225
   3 180
   6 180
  11 180
   7 180
   3 225
   5 180
   3 180
   5 180
  10 180
   1 360
   3 315
   7 270
   3 270
   5 180
   5 315
  10 315
  12 270
  10 360
   6 270
   7 180
   2 180
   1 135
   8  90
  17 180
  14 135
   7 135
   7 180
   5 180
   1 135
   3 135
   9 315
   9 270
   7 225
   5 180
   5 270
   7 360
   7 315
   7 270
   5 225
  10 180
   3 135
   5 135
  12 180
  16 135
   9 135
   7  90
   5 135
   1 135
   1  90
  14 270
  11 270
  12 180
  13 270
  13 270
  11 315
  12 270
   9 225
   9 225
  10 180
   3 225
   5 180
  12 225
  13 180
   5 180
   3 135
   1 135
   1 180
  10 270
  10 270
  12 270
  15 270
  15 270
  15 270
  11 270
   3 180
  10 180
  10 180
   5 180
   7 180
  13 180
   8 180
   3 135
   5 360
   6 315
   8 270
   8 270
   6 270
   2 180
   7 180
  14 180
  14 135
  12 135
   9 135
  10  90
   7 135
   6 360
   9 270
   9 270
   5 225
   5 135
  14 180
  14 135
  10 135
   7 135
   3 135
   7 270
   8 180
   8 180
  11 180
  15 180
   9 135
   5 180
