      1     -1131.      2      -840.      3     -1207.      4     -1561.
      5     -1699.      6      -697.      7      -308.      8      -466.
      9      -308.     10      -511.     11      -300.     12      -414.
     13      -300.     14      -485.     15     -1463.     16     -2146.
     17      -988.     18      -988.     19     -1321.     20      -732.
     21      2085.     22      -905.     23     -1879.     24       308.
     25       193.     26      -492.     27     -1922.     28     -1573.
     29     -1230.     30      -918.     31     -1623.     32     -1589.
     33      -709.     34     -1363.     35      -794.     36     -1206.
     37     -1233.     38     -1143.     39     -1143.     40     -1571.
     41     -1533.     42      -710.     43       -52.     44      -149.
     45      1792.     46      -484.     47     -1432.     48      2535.
     49      1695.     50      -138.     51      1343.     52     -1322.
     53     -1763.     54     -1485.     55      -955.     56     -1674.
     57     -1824.     58     -1760.     59     -1517.     60     -1516.
     61     -1086.     62      -276.     63       599.     64       367.
     65      -382.     66     -1133.     67       -70.     68       -53.
     69      -738.     70       766.     71      1733.     72      -856.
     73     -1007.     74      -142.     75      -149.     76     -1169.
     77     -2050.     78     -1706.     79      -872.     80      2477.
     81     -1327.     82     -1783.     83     -1078.     84      -279.
     85        47.     86      -392.     87      -421.     88      1232.
     89        56.     90      -284.     91      -433.     92       -51.
     93       -73.     94       120.     95       961.     96       -54.
     97      -808.     98      -877.     99      -921.    100     -1385.
    101     -1273.    102      -373.    103      2733.    104      -648.
    105       459.    106     -1071.    107      -681.    108      3758.
    109       744.    110       121.    111      1326.    112       916.
    113       -30.    114      -978.    115      -721.    116      -301.
    117      -391.    118      -414.    119      -996.    120      -710.
    121      -970.    122     -1061.    123     -1089.    124     -1156.
    125      -952.    126     -1595.    127      -941.    128      -571.
    129     -1184.    130     -1210.    131     -1502.    132     -1298.
    133      1573.    134      1969.    135     -1004.    136      -890.
    137      -419.    138      -285.    139       995.    140        48.
    141       838.    142       110.    143      -407.    144      -185.
    145       -93.    146      -488.    147     -1338.    148       101.
    149      -949.    150     -1037.    151     -1511.    152     -1697.
    153     -1772.    154     -1145.    155      -670.    156     -1217.
    157      -721.    158       -31.    159      2080.    160      3450.
    161      3656.    162       -84.    163      -469.    164        15.
    165      -746.    166     -1026.    167     -1132.    168      -839.
    169      -139.    170      -247.    171      -349.    172      -274.
    173      -353.    174     -1055.    175     -1208.    176      4158.
    177      -802.    178      -710.    179      -760.    180     -1534.
    181     -1467.    182      -849.    183      3831.    184      -710.
    185      -498.    186      2293.    187        62.    188     -1133.
    189      -872.    190      -667.    191      -769.    192       -51.
    193      -843.    194      -710.    195      -281.    196        43.
    197      -452.    198      -130.    199      -375.    200      -146.
    201      -448.    202     -1209.    203       702.    204        99.
    205      -710.    206      -921.    207     -1239.    208      -347.
    209      -355.    210      -582.    211      -419.    212      -472.
    213      2420.    214       941.    215      -953.    216      -461.
    217       533.    218      -590.    219       336.    220       188.
    221     -1133.    222      1516.    223       337.    224     -1717.
    225       810.    226      -181.    227      -695.    228     -1246.
    229     -1249.    230     -1218.    231      2097.    232      -694.
    233       237.    234       458.    235      1507.    236     -1595.
    237     -1782.    238      -351.    239      -815.    240      -713.
    241       124.    242      -419.    243      -359.    244     -1047.
    245      -503.    246      -700.    247      -556.    248      -472.
    249       327.    250       -30.    251       -47.    252      -227.
    253       -10.    254       931.    255     -1101.    256     -1782.
    257     -1135.    258      -854.    259      -747.    260      -138.
    261      -130.    262      -294.    263      -182.    264     -1372.
    265     -1460.    266     -1465.    267     -1310.    268     -1210.
    269      -744.    270       -72.    271      -214.    272       428.
    273       594.    274     -1043.    275     -1517.    276      -594.
    277      -466.    278       -53.    279      -142.    280      -188.
    281      -948.    282     -1372.    283     -1299.    284     -1460.
    285     -1395.    286     -1071.    287      2303.    288       826.
    289       605.    290      1032.    291      1299.    292     -1266.
    293      -923.    294      -452.    295        19.    296      -253.
    297      -304.    298       564.    299      2125.    300      1821.
    301        33.    302       -78.    303       -87.    304        -2.
    305     -1210.    306     -1128.    307      -921.    308      -802.
    309        -9.    310      -500.    311      -556.    312       -60.
    313      -147.    314      -130.    315      -168.    316      -122.
    317      -452.    318      -694.    319       -66.    320       -31.
    321      -119.    322      -170.    323      -174.    324      -173.

