                               YIELD         CONCENTRATIONS -MG/L
   TIME  RAINFALL  RUNOFF    SEDIMENT   SEDIMENT  PHOSPHORUS  NITROGEN
   MIN.    MM/H     MM/H         KG                  (N/A)      (N/A)
     0.0    0.00    0.0000         0.         0.
     3.0   10.00    0.0000         0.         0.
     6.0   10.00    0.0000         0.         0.
     9.0   10.00    0.0000         0.         0.
    12.0   10.00    0.0000         0.         0.
    15.0   15.00    0.0000         0.         0.
    18.0   15.00    0.0000         0.         0.
    21.0   15.00    0.0000         0.         0.
    24.0   15.00    0.0000         0.         0.
    27.0   18.00    0.0001         0.         0.
    30.0   18.00    0.0001         0.         0.
    33.0   32.00    0.0002         0.         0.
    36.0   32.00    0.0003         0.         0.
    39.0   32.00    0.0006         0.       582.
    42.0  109.00    0.0013         0.      2961.
    45.0  109.00    0.0068         5.      7257.
    48.0  109.00    0.0231        26.      7577.
    51.0   33.00    0.0559        73.      6415.
    54.0   33.00    0.1520       185.      5615.
    57.0   33.00    0.3030       399.      5206.
    60.0   33.00    0.4931       751.      5016.
    63.0   23.00    0.7060      1260.      4929.
    66.0   23.00    0.9362      1942.      4879.
    69.0   23.00    1.2218      2825.      4832.
    72.0   23.00    1.6170      3980.      4808.
    75.0   16.00    2.1630      5534.      4878.
    78.0   16.00    2.7780      7632.      5073.
    81.0   16.00    3.2865     10299.      5311.
    84.0   16.00    3.6382     13427.      5490.
    87.0   14.00    3.8828     16875.      5581.
    90.0   14.00    4.0565     20523.      5594.
    93.0   14.00    4.1794     24284.      5564.
    96.0   14.00    4.2598     28102.      5516.
    99.0   12.00    4.2996     31934.      5468.
   102.0   12.00    4.3039     35746.      5423.
   105.0   12.00    4.2802     39516.      5382.
   108.0   12.00    4.2356     43223.      5336.
   111.0   12.00    4.1765     46848.      5288.
   114.0   12.00    4.1074     50386.      5244.
   117.0   12.00    4.0290     53832.      5207.
   120.0   12.00    3.9456     57191.      5184.
   123.0    0.00    3.8589     60470.      5176.
   126.0    0.00    3.7636     63671.      5180.
   129.0    0.00    3.6599     66794.      5196.
   132.0    0.00    3.5504     69839.      5222.
   135.0    0.00    3.4341     72805.      5255.
   138.0    0.00    3.3129     75688.      5293.
   141.0    0.00    3.1884     78486.      5331.
   144.0    0.00    3.0650     81193.      5362.
   147.0    0.00    2.9389     83803.      5380.
   150.0    0.00    2.8131     86308.      5389.
   153.0    0.00    2.6863     88703.      5386.
   156.0    0.00    2.5626     90984.      5371.
   159.0    0.00    2.4409     93147.      5345.
   162.0    0.00    2.3290     95197.      5304.
   165.0    0.00    2.2190     97131.      5246.
   168.0    0.00    2.1141     98949.      5167.
   171.0    0.00    2.0157    100652.      5071.
   174.0    0.00    1.9228    102241.      4961.
   177.0    0.00    1.8387    103725.      4843.
   180.0    0.00    1.7605    105109.      4718.
   183.0    0.00    1.6844    106397.      4584.
   186.0    0.00    1.6126    107593.      4441.
   189.0    0.00    1.5473    108701.      4293.
   192.0    0.00    1.4879    109729.      4141.
   195.0    0.00    1.4339    110683.      3986.
   198.0    0.00    1.3828    111567.      3832.
   201.0    0.00    1.3370    112387.      3681.
   204.0    0.00    1.2943    113149.      3532.
   207.0    0.00    1.2537    113856.      3384.
   210.0    0.00    1.2154    114512.      3238.
   213.0    0.00    1.1801    115120.      3095.
   216.0    0.00    1.1485    115686.      2954.
   219.0    0.00    1.1222    116212.      2817.
   222.0    0.00    1.0969    116701.      2683.
   225.0    0.00    1.0738    117157.      2551.
   228.0    0.00    1.0530    117581.      2422.
   231.0    0.00    1.0336    117976.      2297.
   234.0    0.00    1.0150    118343.      2175.
   237.0    0.00    0.9973    118685.      2057.
   240.0    0.00    0.9806    119002.      1941.
   243.0    0.00    0.9651    119295.      1826.
   246.0    0.00    0.9508    119566.      1712.
   249.0    0.00    0.9381    119817.      1598.
   252.0    0.00    0.9266    120046.      1486.
   255.0    0.00    0.9160    120257.      1376.
   258.0    0.00    0.9064    120450.      1270.
   261.0    0.00    0.8974    120625.      1170.
   264.0    0.00    0.8891    120785.      1076.
   267.0    0.00    0.8814    120931.       988.
   270.0    0.00    0.8743    121064.       907.
   273.0    0.00    0.8677    121184.       831.
   276.0    0.00    0.8615    121294.       761.
   279.0    0.00    0.8555    121394.       696.
   282.0    0.00    0.8496    121485.       637.
   285.0    0.00    0.8439    121567.       582.
   288.0    0.00    0.8385    121642.       532.
   291.0    0.00    0.8329    121709.       486.
   294.0    0.00    0.8275    121771.       443.
   297.0    0.00    0.8222    121826.       404.
   300.0    0.00    0.8168    121877.       369.


