     79         0.     94         0.    101         0.    104         0.
    120         0.    127         0.    129         0.    138         0.
    139         0.    147         0.    150         0.    154         0.
    156         0.    160         0.    161         0.    162         0.
    163         0.    164         0.    175         0.    179         0.
    182         0.    183         0.    187         0.    203         0.
    208         0.    210         0.    212         0.    213         0.
    214         0.    225         0.    231         0.    232         0.
    233         0.    245         0.    251         0.    263         0.
    269         0.    281         0.    286         0.    296         0.
    299         0.    300         0.    301         0.    309         0.
    311         0.    318         0.    319         0.
