0.0000
0.0000
0.0000
0.0000
0.0000
0.0000
0.0000
0.0000
0.0000
0.0001
0.0002
0.0027
0.0755
0.4784
0.6437
0.8845
0.9897
1.0689
1.0478
1.0044
1.0794
1.3544
2.2530
3.5514
4.7347
5.1708
4.9095
4.3819
3.8056
3.2155
2.6893
2.2875
2.0003
1.7980
1.6589
1.5663
1.5052
1.4669
1.4409
1.4227
1.4089
1.3967
1.3846
1.3722
1.3591
1.3453
1.3312
1.3171
1.3032
1.2896
1.2765
1.2638
1.2518
1.2405
1.2297
1.2196
1.2099
1.2007
1.1919
1.1836
1.1755
1.1678
1.1604
1.1531
1.1460
1.1391
1.1322
1.1254
1.1185
1.1115
1.1046
1.0974
1.0901
1.0828
1.0754
1.0681
1.0609
1.0536
1.0463
1.0390
1.0319
1.0247
1.0176
1.0105
1.0034
0.9964
0.9895
0.9825
0.9758
0.9690
0.9624
0.9560
0.9497
0.9433
0.9371
0.9310
0.9251
0.9192
0.9135
0.9078
0.9021
