# Locations and Diameters at Breast Height (dbh, in centimeters)
# of all 584 Longleaf Pine Trees in the 4-ha Study Region
#
# The x coordinates are distances (in meters) from the tree to the
# southern boundary. The y coordinates are distances (in meters) from
# the tree to the eastern boundary.
# [Source: Dr. W. J. Platt and S. L. Rathbun, Tall Timbers Research
#          Station]
# copied from Noel A. C. Cressie, 1991, Statistics for Spatial Data.
# John Wiley & Sons, New York. ISBN: 0-471-84336-9
200|8.8|32.9
199.3|10|53.5
193.6|22.4|68.0
167.7|35.6|17.7
183.9|45.4|36.9
182.5|47.2|51.6
166.1|48.8|66.4
160.7|42.4|17.7
162.9|29|21.9
166.4|33.6|25.7
163|35.8|25.5
156.1|38.7|28.3
157.6|42.8|11.2
154.4|36.2|33.8
150.8|45.8|2.5
144.6|25.4|4.2
142.7|25.4|2.5
144|28.3|31.2
143.5|36.9|16.4
123.1|14.3|53.2
113.9|13.1|67.3
114.9|8.1|37.8
101.4|9.3|49.9
105.7|9.1|46.3
106.9|14.7|40.5
127|29.7|57.7
129.8|45.8|58.0
136.3|44.2|54.9
106.7|49.4|25.3
103.4|49.6|18.4
89.7|4.9|72.0
10.8|0|31.4
26.4|5.4|55.1
11|5.5|36.0
5.1|3.9|28.4
10.1|8.5|24.8
18.9|11.3|44.1
28.4|11|50.9
41.1|9.2|47.5
41.2|12.6|58.0
33.9|21.4|36.9
40.8|39.8|65.6
49.7|18.2|52.9
6.7|46.9|39.5
11.6|46.9|42.7
17.2|47.9|44.4
19.4|50|40.3
26.9|47.2|53.5
39.6|47.9|44.2
38|50.7|53.8
19.1|45.2|38.0
32.1|35|48.3
28.4|35.5|42.9
3.8|44.8|40.6
8.5|43.4|34.5
11.2|40.2|45.7
22.4|34.3|51.8
23.8|33.3|52.0
24.9|29.8|44.5
9|38.9|35.6
10.4|61.2|19.2
30.9|52.2|43.5
48.9|67.8|33.7
49.5|73.8|43.3
46.3|80.9|36.6
44.1|78|46.3
48.5|94.8|48.3
45.9|90.4|20.4
44.2|84|40.5
37|64.3|44.0
36.3|67.7|40.9
36.7|71.5|51.0
35.3|78.3|36.5
33.5|81.6|42.1
29.3|83.8|15.6
22.4|84.1|18.5
17.1|84.7|43.0
27.3|89.4|28.9
27.9|90.6|21.3
48.4|99.5|30.9
43.6|98.4|42.7
39|97.3|37.6
14.9|91.2|47.1
6.1|96.2|44.6
10.7|98.6|44.3
22.2|100|26.1
32.7|99.1|25.9
0.9|100|41.4
93.5|96.2|59.5
85.1|90.6|26.1
92.8|61.5|11.4
91.3|69.5|33.4
95.9|59.7|35.8
93.4|71.5|54.4
89.6|86.3|33.6
99.5|78.9|35.5
100.6|53.1|7.4
103.5|72.1|36.6
104.7|74|19.1
104|67.1|34.9
104.2|64.7|37.3
105|59.8|16.3
111.8|73.2|39.1
112.4|69.8|36.5
110|65.9|25.0
120.4|79.2|46.8
109.4|62.5|18.7
109.7|62.9|23.2
113.3|60.4|20.4
118|69.3|42.3
126.5|69.2|38.1
125.1|68.2|17.9
114.2|54.6|39.7
110.6|51.5|14.5
147.3|73.8|33.5
146.7|73|56.0
148.1|86.2|66.1
138.2|73.4|26.3
135.7|70.7|44.8
134.9|72.7|24.2
98|27.7|39.0
93.5|28.7|15.1
82.3|16.8|35.6
79.2|25.3|21.6
84.2|29|17.2
88.8|35.1|22.3
82.5|36.3|18.2
75.6|28.1|55.6
72.9|36.2|23.2
79.1|43.6|27.0
50|48.8|50.1
59.9|34.4|45.5
60.5|13|47.2
60.2|11.4|37.8
66.5|15.9|31.9
70.4|6.6|38.5
70.7|2.2|23.8
71.7|1.9|46.3
179.5|92.6|2.8
186.1|91|3.2
178.3|92.4|5.8
178.6|91.8|3.5
186.2|90.3|2.3
185.2|89.9|3.8
185.5|89.8|3.2
185.8|89.1|4.4
186.5|88.8|3.9
176.7|92.3|7.8
177.7|91.5|4.7
184|89|4.8
11|34.4|44.1
17.5|21.9|51.5
4.3|31.3|51.6
5.9|8.1|33.3
1.9|68.5|13.3
1.8|71|5.7
1.1|82.5|3.3
2.4|95.3|45.9
4.6|94|32.6
3.1|79.5|11.4
3.9|72.1|9.1
4.1|70.9|5.2
7.9|68.7|4.9
14.8|81.8|42.0
9.4|67.7|32.0
15.9|78.7|32.8
16.6|78.8|22.0
18.2|80.3|20.8
174.1|135.6|7.3
173|127.4|3.0
174|125.7|2.2
177.3|121|2.2
177.6|120.3|2.2
195.7|144.1|59.4
197|142.5|48.1
178.2|112.6|51.5
173.8|112.7|50.3
172.8|124.4|2.9
162.7|114.6|19.1
164.6|120.9|15.1
80.4|90.7|21.7
71|88.8|42.4
73|85.6|40.2
56.7|95.3|37.4
66.5|86.2|40.1
67|84.7|39.5
62.9|87.9|32.5
61.8|89|39.5
51.9|94.5|35.6
60.9|71.6|44.1
61|69.8|42.2
61.7|66.2|39.4
57.3|68.4|35.5
54.2|76.4|39.1
76.1|52.9|9.5
67.2|57.6|48.4
81.9|58.5|31.9
90.1|59.6|30.7
135.3|126.6|15.0
135|124|24.5
136.2|122.1|15.0
129.7|127|22.2
134.8|120.2|27.5
136.9|116.8|10.8
137|116|26.2
128.9|124.2|10.2
127.5|125|18.9
127.6|121.7|44.2
129.7|119|13.8
126.6|121.1|16.7
133.4|77.1|35.7
129.9|76.1|12.1
126.5|77.3|35.4
129.1|83.1|32.7
134.4|87|30.1
130.7|90.1|28.4
130.9|90.7|16.5
132|94.5|12.7
136.8|96.7|5.5
137.7|98|2.5
157.8|99.9|3.0
187.1|98.1|3.2
190.6|92.1|3.2
185.4|93.1|4.0
186.6|92.2|3.6
185.9|91.7|3.8
184.3|92.1|4.3
188.2|91.2|3.3
104.4|145.1|6.3
104.9|145|18.4
101.5|148.4|5.4
102.4|148.7|5.4
123.4|128.9|26.0
123.8|135.1|22.3
127|133.8|35.2
109.6|145.9|24.1
112.4|145|6.9
133.1|144.8|61.0
139.4|143.1|20.6
140.4|143.6|6.5
184.1|88.2|2.8
183.5|88.5|4.8
183|88|5.4
176.1|91|4.3
175.6|90.2|4.0
173.8|89.9|3.2
164.9|93.7|2.8
163|95.3|4.9
163.2|94.1|3.5
162.4|94.5|2.9
161.5|94.9|2.4
162.2|94.3|3.3
161|94.7|2.1
157.7|95.7|2.0
154.9|96.2|3.9
154.6|92.7|5.0
152.9|93.7|2.3
153.2|93.2|2.2
168.2|73|67.7
151.6|93|2.9
151.4|93.4|2.4
157.6|67.2|56.3
149.4|63|39.4
149.4|64.3|59.5
167.3|54.6|42.4
157.4|51.5|63.7
181.5|66.1|66.6
196.5|55.2|69.3
189.9|85.2|56.9
155.1|149.2|23.5
154.5|148.4|9.1
162.9|119.9|29.9
158.4|113.4|14.9
153.9|108.3|38.7
156.1|116|31.5
156.5|118.9|27.8
156.8|122.3|28.5
159|126.1|21.6
161|131.9|2.0
161.3|132.8|2.6
160.6|132.6|2.3
161.3|134.9|3.5
159.7|129.8|3.6
161.7|136.1|2.6
161.1|136.4|2.0
160.1|133|2.0
159|133.6|2.7
160|134.8|2.6
160.2|135.5|2.2
159.1|136.5|2.7
154.7|126.8|30.1
151.9|127.5|16.6
151.3|124.7|10.4
151|127.3|11.8
150.4|123|32.3
149.6|124.6|33.5
146.2|127.1|30.5
146.1|127.4|10.5
144.4|131.8|13.8
143.3|131.5|22.8
140.6|137.7|31.7
143.2|125.4|10.1
127.1|119.9|14.5
120.7|115.6|12.0
115.3|112.6|2.2
134.1|105.2|2.3
134.6|104.1|3.2
135.6|103.3|3.0
128.9|102.6|50.6
116.3|106.5|2.6
104.3|104|50.0
111.5|100|52.2
100.5|149.7|5.2
100|145.5|5.2
100.8|145|6.7
100.9|143.5|14.0
100.3|140.8|12.7
101.5|120.8|59.5
99.3|110.6|52.0
99.2|106|45.9
102|137.1|18.0
105.4|115.7|43.5
103.6|134.2|3.3
103.9|139.4|4.3
102.6|141.6|7.4
102|143.3|10.1
102.1|144.4|23.1
103.5|141.3|8.1
102.9|143.8|5.7
105.7|138.2|13.3
106.6|135.1|12.8
108.5|133.2|11.6
105.2|142.3|6.3
139.7|145.8|20.0
145.5|148.4|8.9
146.4|148.4|27.6
105.8|149.8|4.5
96.7|149.1|9.2
66.5|150|2.3
55.7|148.5|5.0
54.7|146.8|4.0
57.1|144|21.8
61.7|145.3|10.9
60.1|143.7|14.9
77.7|144.8|45.0
67.2|139.3|16.4
80.7|133.2|43.3
85.1|133.5|55.6
94.7|143.7|10.6
81.2|125|45.9
81.9|123.2|45.2
83.8|123.1|35.5
84.8|121.4|43.6
82.9|119.2|44.6
82.1|116.4|38.8
84.3|114.8|34.9
96.7|142.6|17.0
92|109|50.4
96.1|146.6|2.0
78.5|102.5|33.8
78.7|103|51.1
59.5|107.4|21.8
56.5|105.5|46.5
64.3|132.1|5.6
152.7|146.7|19.6
155.8|145.4|32.3
161.2|138.1|3.7
161|138.1|2.7
162.1|136.9|2.5
166.2|132|2.5
168.7|133.4|2.4
169.3|133.7|7.2
57.9|140.7|7.0
57.5|142.3|11.8
57.3|141.7|8.5
56|137.7|9.5
53.4|139.3|7.0
53.1|136|10.5
54|137.7|6.6
54.5|136.7|6.6
53.3|137.8|8.8
52.1|139.3|11.6
48|114.4|48.2
44.2|129.6|36.2
39.4|136.8|44.9
42.7|124|43.0
38.1|134.4|37.5
37.1|131.9|31.5
37.6|125.4|39.9
31.2|127.9|35.5
40.1|112.2|51.7
29.3|118.6|36.5
23.8|114.5|40.2
141|127.8|7.8
140.1|127.3|17.0
140.9|121.4|36.4
135|132.3|19.6
139.3|122.9|15.0
142|117.2|28.8
140.4|117.2|20.1
138.5|121.5|39.3
28.7|158.8|37.9
33.7|162.3|40.6
23.1|160.8|33.0
11.3|158.9|35.7
18.2|168.2|20.6
21.5|172.3|22.0
15.9|168.3|16.3
15.4|172.8|5.6
14|174.2|7.4
6.8|179.6|42.3
6|184.1|43.8
1.6|194.9|53.0
43.6|197.3|48.1
39.4|195.5|41.9
37.1|196.1|48.0
23.7|193.9|75.9
21.5|187.9|40.4
27.7|188.7|40.9
32.3|178.9|39.4
32.6|168.6|40.9
37.7|176.9|17.6
107.5|138.5|17.8
107.9|139.5|3.7
116.5|122.6|19.0
114.5|127.7|11.2
115.3|127.4|27.6
115.3|128.1|14.5
119|127.4|34.4
119.4|127.7|20.0
94.7|179.8|2.9
89.3|185|7.3
90.8|174|52.7
95.3|158.4|8.7
90.9|162.1|3.6
90.2|162.1|4.6
90.2|161.7|11.4
90.6|160.8|11.0
93|158|18.7
78.4|172.4|5.6
76.2|171.4|2.1
75.8|171|3.3
75.7|169.7|11.5
82.7|163.5|2.6
76.7|166.3|4.4
74.7|167.1|18.3
119.4|170.8|7.5
74.2|164.3|17.2
73.9|162.7|4.6
81.7|156.7|32.0
79.5|156.3|56.7
56.8|116|46.0
62.2|137.7|7.8
58.2|125.1|54.9
54.1|115.5|45.5
59.5|138.1|9.2
58.6|140.3|13.2
58.8|141.5|15.3
57.9|137.3|8.5
153.5|159.9|2.2
155.9|183.7|58.8
160.4|176.6|47.5
171.3|185.1|52.2
182.8|187.4|56.3
182.5|196|39.8
176.3|197.7|38.1
161.9|199.4|38.9
199.5|179.4|9.7
197.6|176.9|7.4
196.3|192.4|22.1
195.7|180.5|16.9
196.2|177.1|5.9
196.3|176|10.5
193.7|185.8|9.5
191.7|189.2|45.9
194.5|173.8|11.4
192.7|177.3|7.8
188.9|182.1|14.4
190.1|174.4|8.3
186.9|179.4|30.6
26.9|111.3|44.4
17.9|111|38.7
34.4|104.2|41.5
31.9|103.2|34.5
20.6|101.5|31.8
14.1|103.1|39.7
2.9|122.8|23.3
6.4|125.9|37.7
2.2|142.2|43.0
11.7|116.2|39.2
14.2|116.5|40.4
15.6|118.1|36.7
13.6|127.4|48.4
11.1|134.8|27.9
7.2|141.7|46.4
12.2|140.1|38.5
23|132.7|39.4
30.2|133.9|50.0
27.7|136.5|51.6
3.4|148.8|38.7
15.4|145.6|39.6
16.7|146.4|29.1
24.3|145.7|44.0
0.4|175.2|50.9
0|177.5|50.8
7.9|151|43.0
33.2|151.2|44.5
36.6|150.6|29.8
42.2|153.7|44.3
24.5|153.4|51.2
40.4|179.3|37.7
41|176.6|36.8
43.9|182.2|33.6
44.7|184.6|47.9
45.6|175.2|32.0
47.5|175.9|40.3
51.2|177.9|42.5
55|159.3|59.7
58|180.3|44.2
54.6|188.7|30.9
58.9|180|39.5
63.9|178.6|48.7
64.3|178.9|32.8
65.6|179.3|47.2
61|184.9|42.1
63.1|183.3|43.8
86.1|186.9|30.5
65.8|194.9|28.3
90|195.1|10.4
94.3|196.1|15.0
91.9|197.1|7.4
86.5|197.4|15.3
87.5|199.3|17.5
93.9|199.2|5.0
92.4|199.3|12.2
81.8|198.9|9.0
99|158.1|2.4
94.1|187.2|13.7
95.4|182.9|13.1
97.1|168.4|12.8
79.2|155.6|27.0
61.6|158.2|2.6
70.3|153.1|4.9
79.8|151.8|35.0
110.1|150.4|23.7
116.1|156.8|42.9
114|165.1|14.2
103.2|154.4|3.3
112.3|167|28.4
110.4|167.3|10.0
110.6|166.4|6.4
107|165|22.0
105.6|160.6|4.3
104|162.4|10.0
104|166.1|9.2
103.7|167.2|3.7
108.6|182.1|66.7
105.7|182.6|68.0
102.8|169.7|23.1
101.5|171.8|5.7
100.4|170.5|11.7
144.1|199|40.4
138.3|197.9|43.3
142.7|197.2|60.2
118.8|188|55.5
142.3|173.3|54.1
143.8|156|22.3
145.3|155.6|21.4
151.2|192.2|55.7
153.7|176.5|51.4
186.9|174.7|23.9
181.2|176.9|5.2
181.1|176.1|7.6
177.2|174.5|27.8
182.8|162.9|49.6
180|160.2|51.0
189.1|156.3|50.7
196.9|151.4|43.4
171.4|161.6|55.6
169.1|160|4.3
162.5|157.3|2.5
156.7|155.3|23.5
154.1|150.8|8.0
87.7|200|11.7
