/* Hex: 20  Space */
00 00 00 00 00 00 00 00 00 00
00 00 00 00 00 00 00 00 00 00
00 00 00 00 00 00 00 00 00 00
00 00 00 00 00 00 00 00 00 00
/* Hex: 21  !     */
00 00 00 00 01 80 30 c0 30 c0
30 c0 30 c0 30 c0 30 c0 01 80
01 80 01 80 01 80 00 00 00 00
00 00 01 80 01 80 00 00 00 00
/* Hex: 22  "     */
00 00 00 00 0e 38 0e 38 0e 38
1c 70 1c 70 00 00 00 00 00 00
00 00 00 00 00 00 00 00 00 00
00 00 00 00 00 00 00 00 00 00
/* Hex: 23  #     */
00 00 00 00 03 18 03 18 03 18
1f fe 3f fc 06 30 06 30 06 30
0c 60 0c 60 0c 60 3f f8 7f f0
18 c0 18 c0 18 c0 00 00 00 00
/* Hex: 24  $     */
00 00 00 00 01 80 01 80 0f f0
1f f8 19 98 19 80 19 80 0f e0
07 f0 01 98 01 98 19 98 1f f8
0f f0 01 80 01 80 00 00 00 00
/* Hex: 25  %     */
00 00 00 00 00 00 0c 00 1e 04
12 0c 12 18 1e 30 0c 60 00 c0
01 80 03 00 06 30 0c 78 18 48
30 48 20 78 00 30 00 00 00 00
/* Hex: 26  &     */
00 00 00 00 07 80 0f c0 0c c0
0c c0 07 80 03 00 03 00 07 88
0c d8 0c f8 18 70 18 70 18 70
18 70 0f d8 07 8c 00 00 00 00
/* Hex: 27  '     */
00 00 00 00 01 c0 01 c0 03 80
03 80 07 00 06 00 04 00 00 00
00 00 00 00 00 00 00 00 00 00
00 00 00 00 00 00 00 00 00 00
/* Hex: 28  (     */
00 00 00 00 00 60 00 c0 01 80
03 00 06 00 06 00 0c 00 0c 00
0c 00 0c 00 06 00 06 00 03 00
01 80 00 c0 00 60 00 00 00 00
/* Hex: 29  )     */
00 00 00 00 03 00 01 80 00 c0
00 60 00 30 00 30 00 18 00 18
00 18 00 18 00 30 00 30 00 60
00 c0 01 80 03 00 00 00 00 00
/* Hex: 2A  *     */
00 00 00 00 00 00 00 00 00 00
18 18 0c 30 06 60 03 c0 3f fc
3f fc 03 c0 06 60 0c 30 18 18
00 00 00 00 00 00 00 00 00 00
/* Hex: 2B  +     */
00 00 00 00 00 00 00 00 01 80
01 80 01 80 01 80 01 80 3f fc
3f fc 01 80 01 80 01 80 01 80
01 80 00 00 00 00 00 00 00 00
/* Hex: 2C  ,     */
00 00 00 00 00 00 00 00 00 00
00 00 00 00 00 00 00 00 00 00
00 00 01 c0 01 c0 01 c0 00 c0
01 80 03 00 00 00 00 00 00 00
/* Hex: 2D  -     */
00 00 00 00 00 00 00 00 00 00
00 00 00 00 00 00 00 00 3f fc
3f fc 00 00 00 00 00 00 00 00
00 00 00 00 00 00 00 00 00 00
/* Hex: 2E  .     */
00 00 00 00 00 00 00 00 00 00
00 00 00 00 00 00 00 00 00 00
00 00 00 00 00 00 00 00 03 80
03 80 03 80 00 00 00 00 00 00
/* Hex: 2F  /     */
00 00 00 00 00 00 00 00 00 04
00 0c 00 18 00 30 00 60 00 c0
00 18 03 00 06 00 0c 00 18 00
30 00 20 00 00 00 00 00 00 00
/* Hex: 30  0     */
00 00 00 00 03 c0 07 e0 0e 70
1c 38 18 18 18 18 18 18 18 18
18 18 18 18 18 18 18 18 1c 38
0e 70 07 e0 03 c0 00 00 00 00
/* Hex: 31  1     */
00 00 00 00 03 80 07 80 0f 80
01 80 01 80 01 80 01 80 01 80
01 80 01 80 01 80 01 80 01 80
01 80 07 e0 07 e0 00 00 00 00
/* Hex: 32  2     */
00 00 00 00 07 e0 0f f0 1c 38
18 18 18 18 00 18 00 38 00 70
00 e0 01 c0 03 80 07 00 0e 00
1c 00 1f f8 1f f8 00 00 00 00
/* Hex: 33  3     */
00 00 00 00 03 e0 07 f0 0e 38
00 18 00 18 00 18 00 30 03 e0
03 f0 00 38 00 18 00 18 00 18
1c 38 0f f0 07 e0 00 00 00 00
/* Hex: 34  4     */
00 00 00 00 00 10 00 30 00 70
00 f0 01 f0 03 b0 07 30 0e 30
1c 30 18 30 1f f8 1f f8 00 30
00 30 00 30 00 30 00 00 00 00
/* Hex: 35  5     */
00 00 00 00 1f f8 1f f8 18 00
18 00 18 00 18 00 1f e0 1f f0
00 78 00 38 00 18 00 18 18 18
1c 38 0f f0 07 e0 00 00 00 00
/* Hex: 36  6     */
00 00 00 00 07 e0 0f f0 1c 38
18 18 18 00 18 00 19 c0 1f f0
1e 38 1c 18 18 18 18 18 18 18
1c 38 0f f0 07 e0 00 00 00 00
/* Hex: 37  7     */
00 00 00 00 1f f8 1f f8 00 18
00 18 00 30 00 30 00 60 00 60
00 60 00 c0 00 c0 00 c0 01 80
01 80 01 80 01 80 00 00 00 00
/* Hex: 38  8     */
00 00 00 00 07 e0 0f f0 1c 38
18 18 18 18 1c 38 0f f0 07 e0
0c 30 18 18 18 18 18 18 18 18
1c 38 0f f0 07 e0 00 00 00 00
/* Hex: 39  9     */
00 00 00 00 07 e0 0f f0 1c 38
18 18 18 18 18 18 1c 38 0f f0
07 d8 00 18 00 18 00 18 18 18
1c 38 0f f0 07 e0 00 00 00 00
/* Hex: 3A  :     */
00 00 00 00 00 00 00 00 00 00
03 80 03 80 03 80 00 00 00 00
00 00 00 00 03 80 03 80 03 80
00 00 00 00 00 00 00 00 00 00
/* Hex: 3B  ;     */
00 00 00 00 00 00 00 00 00 00
01 c0 01 c0 01 c0 00 00 00 00
00 00 00 00 01 c0 01 c0 01 c0
00 c0 01 80 03 00 00 00 00 00
/* Hex: 3C  <     */
00 00 00 00 00 38 00 70 00 e0
01 c0 03 80 07 00 0e 00 1c 00
1c 00 0e 00 07 00 03 80 01 c0
00 e0 00 70 00 38 00 00 00 00
/* Hex: 3D  =     */
00 00 00 00 00 00 00 00 00 00
00 00 1f f8 1f f8 00 00 00 00
00 00 00 00 1f f8 1f f8 00 00
00 00 00 00 00 00 00 00 00 00
/* Hex: 3E  >     */
00 00 00 00 1c 00 0e 00 07 00
03 80 01 c0 00 e0 00 70 00 38
00 38 00 70 00 e0 01 c0 03 80
07 00 0e 00 1c 00 00 00 00 00
/* Hex: 3F  ?     */
00 00 00 00 07 e0 0f e0 1c 70
18 38 00 38 00 38 00 70 01 e0
01 c0 01 80 01 80 01 80 00 00
00 00 01 80 01 80 00 00 00 00
