P 1682661.854410 685490.8069470       2381       
P 1682914.978368 685449.9586670       2382       
P 1682704.963914 685548.7337047       2383       
P 1682725.863099 685617.3353223       2384       
P 1682728.852979 685653.9778220       2385       
P 1682739.289603 685692.3687416       2386       
P 1682740.750520 685725.8656904       2387       
P 1682622.128102 685599.7166958       2388       
P 1682630.733887 685639.4983091       2389       
P 1682633.649078 685669.4726689       2390       
P 1682641.699747 685704.7645194       2391       
P 1682651.341015 685732.6522115       2392       
P 1682307.044687 687333.7117282       2393       
P 1682540.278546 687106.9056777       2394       
P 1682632.879298 687162.1481066       2395       
P 1682942.814570 687101.6456072       2396       
P 1682855.168377 687265.2405924       2397       
P 1682843.095406 687159.7860523       2398       
P 1683315.112826 687194.2342755       2399       
P 1683598.462824 687365.0414603       2400       
P 1683576.888951 687423.8937607       2401       
P 1683748.673713 687465.1559328       2402       
P 1683762.038698 687579.1496747       2403       
P 1683591.349844 687217.1324326       2404       
P 1683613.063275 687151.6003717       2405       
P 1683755.129396 687226.5439999       2406       
P 1683885.285383 687326.0243636       2407       
P 1683888.898655 687393.6264546       2408       
P 1684031.531736 687191.9662552       2409       
P 1684021.338415 687114.1746894       2410       
P 1684255.262784 687458.9872891       2411       
P 1684026.400991 687553.1885463       2412       
P 1684631.860960 687239.0411533       2413       
P 1684448.421903 687072.2851600       2414       
P 1684459.876741 686842.8722871       2415       
P 1684325.728431 686861.1251145       2416       
P 1684151.477421 687028.7717152       2417       
P 1684053.293516 687041.8454092       2418       
P 1684090.221433 686887.4582640       2419       
P 1684542.971858 686695.8817748       2420       
P 1684333.009161 686749.8857563       2421       
P 1684340.004189 686629.1916876       2422       
P 1684518.873099 687712.8685030       2423       
P 1684655.134659 687691.2725768       2424       
P 1684166.200032 688120.9211081       2425       
P 1684217.479894 688110.6066488       2426       
P 1684263.354865 688099.9396466       2427       
P 1684306.337462 688082.3268674       2428       
P 1684346.333585 688067.8893173       2429       
P 1684393.620663 688061.6655959       2430       
P 1684050.000190 688222.7866010       2431       
P 1684063.392264 688612.7062544       2432       
P 1684184.533380 688655.6390997       2433       
P 1683679.994482 688313.8816877       2434       
P 1683519.041570 688111.6841979       2435       
P 1684179.346605 688808.7351184       2436       
P 1684387.489665 689117.0652303       2437       
P 1684247.971644 689004.7482670       2438       
P 1684438.964943 689265.5813631       2439       
P 1684543.556642 689212.1269745       2440       
P 1684506.735879 689373.6109628       2441       
P 1684584.647283 689334.3023581       2442       
P 1684748.816167 689292.0371367       2443       
P 1683174.894175 687737.0521066       2444       
P 1683294.637404 687872.1862712       2445       
