0 0 58.2
0 2.5 12
0 5 12.9205
0 7.5 14.3646
0 10 14.2701
0 12.5 13.2531
0 15 13.0436
0 17.5 22.7607
0 20 24.245

2.5 0 48.235
2.5 2.5 60.4847
2.5 5 9.78882
2.5 7.5 11.2027
2.5 10 11.5234
2.5 12.5 10.6492
2.5 15 14.8421
2.5 17.5 16.2739
2.5 20 15.8166

5 0 39.5485
5 2.5 49.3038
5 5 61.5789
5 7.5 8.03537
5 10 8.93508
5 12.5 8.58732
5 15 10.6931
5 17.5 16.6138
5 20 12.371

7.5 0 32.309
7.5 2.5 39.8439
7.5 5 49.4563
7.5 7.5 60.4614
7.5 10 6.6335
7.5 12.5 7.04814
7.5 15 6.85916
7.5 17.5 13.0951
7.5 20 11.8264

10 0 26.8974
10 2.5 30.9476
10 5 39.3894
10 7.5 43.9381
10 10 59.1776
10 12.5 5.3632
10 15 5.56338
10 17.5 7.39796
10 20 9.14781

12.5 0 23.5011
12.5 2.5 24.3154
12.5 5 30.3058
12.5 7.5 32.8958
12.5 10 41.2919
12.5 12.5 57.0409
12.5 15 4.09108
12.5 17.5 4.74774
12.5 20 6.28725

15 0 21.708
15 2.5 22.0839
15 5 22.0428
15 7.5 25.6525
15 10 27.3938
15 12.5 51.4784
15 15 52.8168
15 17.5 2.87907
15 20 4.23484

17.5 0 20.1587
17.5 2.5 21.4051
17.5 5 19.8935
17.5 7.5 19.48
17.5 10 18.6313
17.5 12.5 33.6271
17.5 15 50.4112
17.5 17.5 45.4181
17.5 20 1.65583

20 0 17.6756
20 2.5 19.3423
20 5 21.2862
20 7.5 16.7434
20 10 16.779
20 12.5 23.252
20 15 40.2654
20 17.5 38.2147
20 20 34.6

22.5 0 14.7116
22.5 2.5 16.1032
22.5 5 17.8475
22.5 7.5 16.2953
22.5 10 12.9652
22.5 12.5 20.0021
22.5 15 33.8946
22.5 17.5 29.4144
22.5 20 23.9907

25 0 12
25 2.5 12.9205
25 5 14.3646
25 7.5 14.2701
25 10 13.2531
25 12.5 13.0436
25 15 22.7607
25 17.5 24.245
25 20 14.0462

