A 399098.1819921 856674.7794191     1 01021
A 399204.5467782 856708.8161506     2 01022
A 399310.9115642 856670.5248277     3 01023
A 399327.9299300 856559.9054501     4 01024
A 399425.7855332 856613.0878432     5 01025
A 399574.6962337 856666.2702362     6 01026
A 399698.0793855 856585.4329988     7 01027
A 399630.0059225 856459.9225512     8 01028
A 399566.1870508 856374.8307224     9 01029
A 399691.6974984 856359.9396523    10 01030
A 399840.6081989 856359.9396523    11 01031
A 400049.0831796 856557.7781544    12 01033
A 399917.1908449 856562.0327459    13 01034
A 399819.3352417 856632.2335047    14 01035
A 399846.9900861 856825.8174153    15 01036
A 399976.7551251 856906.6546527    16 01037
A 400068.2288411 856961.9643415    17 01038
A 399983.1370122 857040.6742832    18 01039
A 399974.6278293 857138.5298864    19 01040
A 400066.1015454 857223.6217152    20 01041
A 399836.3536074 857359.7686414    21 01043
A 400044.8285882 857557.6071435    22 01045
A 399793.8076930 857642.6989724    23 01047
A 399615.1148524 857642.6989724    24 01002
A 399536.4049107 857568.2436221    25 01003
A 399381.1123230 857623.5533109    26 01004
A 399234.3289183 857678.8629997    27 01005
A 399100.3092878 857608.6622408    28 01006
A 399179.0192295 857476.7699061    29 01007
A 399536.4049107 857425.7148088    30 01009
A 399659.7880626 857355.5140500    31 01010
A 399566.1870508 857247.0219682    32 01011
A 399464.0768562 857149.1663650    33 01012
A 399604.4783738 857123.6388163    34 01013
A 399723.6069342 857085.3474934    35 01014
A 399657.6607668 856972.6008201    36 01015
A 399581.0781209 856878.9998084    37 01016
A 399410.8944631 857019.4013260    38 01018
A 399306.6569728 857004.5102559    39 01019
A 401721.3636321 858558.4109390    40 00900
A 401651.9416155 858614.3964362    41 00901
A 401817.6586874 858728.6068507    42 00643
A 401884.8412842 858831.6201657    43 00644
A 401920.6720024 858952.5488398    44 00645
A 401936.3479416 859077.9563537    45 00646
A 401907.2354831 859198.8850278    46 00647
A 401875.8836046 859319.8137020    47 00648
A 401882.6018643 859449.7000556    48 00649
A 401880.3624444 859581.8258292    49 00650
A 401920.6720024 859707.2333431    50 00651
A 401960.9815605 859810.2466581    51 00652
A 402025.9247373 859931.1753322    52 00653
A 402081.9102346 860047.6251666    53 00654
A 402003.5305384 860085.6953047    54 00633
A 401936.3479416 859962.5272107    55 00634
A 401884.8412842 859850.5562162    56 00635
A 401835.5740465 859722.9092824    57 00636
A 401799.7433283 859590.7835088    58 00637
A 401790.7856487 859451.9394755    59 00638
A 401790.7856487 859313.0954423    60 00639
A 401813.1798476 859178.7302488    61 00640
A 401844.5317261 859066.7592542    62 00641
A 401701.2088531 858730.8462706    63 00642
A 400451.7760940 858203.1734694    64 00905
A 400385.7463048 858259.7704316    65 00906
A 400385.7463048 858143.8814138    66 00907
A 400463.9040144 857980.8282609    67 00908
A 400552.8420978 857983.5233543    68 00909
A 400644.4752747 857982.1758076    69 00910
A 400732.0658114 857984.8709011    70 00911
A 400821.0038948 857983.5233543    71 00912
A 400912.6370717 857984.8709011    72 00913
A 401001.5751551 857988.9135412    73 00914
A 401093.2083319 857986.2184478    74 00915
A 401183.4939621 857990.2610879    75 00916
A 401271.0844988 857990.2610879    76 00917
A 401364.0652223 857988.9135412    77 00918
A 401458.3934926 857992.9561814    78 00919
A 401552.7217629 857991.6086347    79 00920
A 409142.3546539 860513.7092612    80 00255
A 409144.6487208 860451.7694546    81 00256
A 409144.6487208 860394.4177818    82 00257
A 409144.6487208 860332.4779752    83 00258
A 409146.9427877 860272.8322354    84 00259
A 409153.8249884 860215.4805627    85 00260
A 409176.7656576 860100.7772171    86 00261
A 409085.0029811 860059.4840127    87 00262
A 408867.0666245 859967.7213362    88 00124
A 408513.7803201 859710.7858421    89 00117
A 408392.1947737 859467.6147494    90 00107
A 408536.7209892 859848.4298568    92 00125
A 408894.5954274 859584.6121619    93 00122
A 409000.1225054 859651.1401024    94 00123
A 407564.1305610 859955.3424603    95 00127
A 407747.7694816 860236.4224408    96 00241
A 407144.3844567 859891.6309980    97 00126
A 407309.2847120 861162.1125100    98 00300
A 407755.2649477 861154.6170438    99 00337
A 407489.1758995 861109.6442470   100 00301
A 407807.7332108 861413.2106259   101 00334
A 405694.8442314 860756.5253467   103 00511
A 405725.7338326 860898.6175123   104 00530
A 403974.2934440 861562.7439383   105 00538
A 403900.1584011 861812.9497081   106 00539
A 403708.6428736 861602.9004199   107 00537
A 405083.2301274 860944.9519141   108 00509
A 405857.4042918 861154.8701946   109 00513
A 405476.4308288 861240.1713633   110 00517
A 405485.6525767 861330.6597653   111 00515
A 405533.4903943 861516.8238024   112 00518
A 405421.7840636 863377.8112863   113 00514
A 404800.2996009 863418.7320739   114 00522
A 404855.7131675 863256.7539561   115 00540
A 404972.5079157 863053.0025342   116 00520
A 404756.8212640 863096.4808711   117 00519
A 405192.4571494 863041.0673044   118 00521
A 405005.4398150 860267.1825809   119 00400
A 405268.1558733 859949.3285845   120 00443
A 405433.5696878 859897.4340544   121 00444
A 405858.4561524 859446.6003248   122 00473
A 405264.9124652 859436.8701004   123 00470
A 404810.8353274 859706.0729749   124 00430
A 404720.0198998 859621.7443636   125 00429
A 404651.9083292 859511.4684873   126 00428
A 404807.5919193 859524.4421198   127 00432
A 404930.8414281 859637.9614043   128 00431
A 404908.1375712 859316.8639997   129 00434
A 404638.9346967 859297.4035509   130 00492
A 404437.8433928 859251.9958372   131 00426
A 404434.5999847 859401.1926110   132 00425
A 404431.3565765 859553.6327930   133 00424
A 404434.5999847 859628.2311799   134 00423
A 404431.3565765 859699.5861587   135 00422
A 404645.4215129 860010.9533389   136 00490
A 404252.9691296 859988.2494820   137 00420
A 404265.9427621 859864.9999732   138 00421
A 404243.2389052 859359.0283053   139 00427
A 404343.7845571 860338.5375597   140 00401
A 403961.0623981 860332.0507434   141 00402
A 403730.7804211 860322.3205191   142 00403
A 403614.0177285 860114.7423989   143 00404
A 403614.0177285 860036.9006039   144 00405
A 403610.7743204 859907.1642788   145 00406
A 403750.2408699 859920.1379113   146 00409
A 405268.1558733 859693.0993424   147 00445
A 406312.5332902 859949.3285845   148 00231
A 406494.1641453 859897.4340544   149 00232
A 402126.2380117 860384.6963893   150 00632
A 402221.0897287 860491.4045710   151 00655
A 402145.9987861 860649.4907661   152 00631
A 402236.8983482 860645.5386112   153 00656
A 402292.2285165 860748.2946381   154 00657
A 402252.7069678 860827.3377356   155 00630
A 402422.6496275 860811.5291161   156 00658
A 402553.0707385 860760.1511027   157 00659
A 402647.9224555 860692.9644698   158 00660
A 402754.6306372 860657.3950759   159 00661
A 402885.0517482 860574.3998234   160 00662
A 403015.4728591 860582.3041332   161 00625
A 402928.5254518 860380.7442344   162 00663
A 402825.7694250 860226.6101942   163 00664
A 402908.7646775 860163.3757162   164 00624
A 402778.3435665 860092.2369284   165 00665
A 402675.5875397 859949.9593528   166 00666
A 402600.4965970 859728.6386796   167 00667
A 402580.7358226 859499.4136967   168 00668
A 402628.1616811 859282.0451784   169 00669
A 402726.9655531 859092.3417443   170 00670
A 402762.5349470 858878.9253809   171 00671
A 402711.1569336 858661.5568626   172 00672
A 402991.7599299 858542.9922163   173 00615
A 402750.6784823 858333.5280078   174 00614
A 403215.5616642 858554.3473124   175 00610
A 403343.5017140 858531.1357517   176 00611
A 402438.1153871 860890.5490474   177 00629
A 402616.0318553 860831.2435581   178 00628
A 402691.9428817 860770.7519589   179 00627
A 402744.1317123 860749.4019827   180 00626
A 402872.2315694 860028.2472320   181 00623
A 402458.2792535 860522.8550133   182 00676
A 403649.6353217 860248.0233493   183 00494
A 405279.7531098 859339.9075692   184 00474
A 405408.8798942 859344.3602170   185 00475
A 405533.5540308 859431.1868478   186 00471
A 405845.2393724 860537.6698104   187 00433
A 406030.0242534 860546.5751059   188 00435
A 406212.5828107 860542.1224582   189 00200
A 406524.2681522 860539.8961343   190 00204
A 406528.7208000 860441.9378841   191 00208
A 406526.4944761 860361.7902248   192 00210
A 406528.7208000 860283.8688894   193 00214
A 406350.6148905 860301.6794804   194 00212
A 406421.8572543 860430.8062648   195 00207
A 406346.1622428 860428.5799409   196 00206
A 405393.2956271 859028.2222277   197 00046
A 405215.1897176 859019.3169322   198 00045
A 404990.3310069 859003.7326651   199 00044
A 404850.0726032 858961.4325116   200 00040
A 404871.8698671 858698.4674203   201 00039
A 404628.5274908 858532.7875045   202 00038
A 404933.9998355 858172.9514374   203 00020
A 405469.8708132 858250.6138979   204 00021
A 406326.7466276 858517.2550124   206 00101
A 405244.4280040 857285.6391647   207 00055
A 405290.5109199 857257.2804472   208 00065
A 404331.6317865 858168.3042449   209 00019
A 404012.5962153 858577.7332279   210 00031
A 404108.3068867 858451.8914193   211 00030
A 403845.9887504 858501.5191748   212 00028
A 403730.7814608 858469.6156177   213 00027
A 403645.7053085 858645.0851818   214 00026
A 403720.1469418 858386.3118852   215 00018
A 403913.3407043 858382.7670455   216 00017
A 403977.1478185 858271.1045956   217 00066
A 403869.0302083 858203.7526417   218 00013
A 404328.0869468 858609.6367850   219 00029
A 404329.8593667 858458.9810987   221 00025
A 403633.2983696 857404.3912939   222 00004
A 403752.0504989 857588.7229573   223 00002
A 402274.6888261 858151.7872815   224 00618
A 402651.7801900 858078.5393187   225 00616
A 402223.4918141 857507.7848526   226 00001
A 402641.6964840 857970.6511735   227 00620
A 402970.3410058 858988.3739674   229 00617
A 402842.0892488 859261.4260952   230 00619
A 402770.8759516 859750.0171358   231 00622
A 403210.9334346 859475.5045701   233 00604
A 403315.8588806 859434.5580546   234 00605
A 403319.6976164 859495.9778279   235 00606
A 403594.8070173 859502.3757209   236 00411
A 403663.9042622 859499.8165637   237 00413
A 404049.0574235 858820.3603224   238 00032
A 404202.6068565 858803.7258005   239 00035
A 404385.5865976 858941.9202902   240 00036
A 404023.4658513 859154.3303393   241 00033
A 404334.4034532 859105.7063522   242 00034
A 400596.4287902 858082.4051834   243 00904
A 400979.7597954 858084.8467821   244 00903
A 401370.4155968 858087.2883809   245 00902
A 408525.3191102 859658.1683325   248 00116
A 405969.9807256 860846.0236898   249 00529
A 406423.0329398 860770.0628396   250 00332
A 406276.5370143 859750.0171358   251 00100
A 403675.8998878 860850.7767535   252 00504
A 403614.0596170 860763.8138727   253 00503
A 403615.9921254 860692.3110596   254 00502
A 403364.7660253 860806.3290589   255 00501
A 403320.3183307 861159.9781075   256 00500
A 407045.9989717 860434.8771097   257 00237
A 399085.3181811 856819.8034004   258 01020
A 404048.3357044 859659.9130776   259 00410
A 405932.7113938 859709.3768567   260 00457
A 405858.1332875 859706.5701538   261 00458
A 405796.9500858 859016.0785782   262 00051
A 399899.4347168 857584.9188757   263 01046
A 399935.1571384 857462.2380947   264 01044
A 399965.9965486 857301.1878419   265 01042
A 399342.9716158 857434.3360481   266 01008
A 399485.0581777 856910.6909441   267 01017
A 400058.7637550 856349.9626332   268 01032
A 406411.4886179 869840.4565860   269 00541
A 406542.6157511 869847.9495650   270 00523
A 407069.6219436 869759.2826464   271 00516
A 406698.7194811 869458.3146549   272 00528
A 404145.9794446 865317.1451995   274 00550
A 403361.2788376 861281.3210131   275 00526
A 402299.1020354 861281.3210131   276 00674
A 402337.5360644 861714.5773403   277 00533
A 400966.1400287 864129.1223294   278 00560
A 401081.4421158 864101.1703083   279 00561
A 401965.4247834 864006.8322370   280 00555
A 401982.8947966 863909.0001632   281 00556
A 401811.6886673 863877.5541394   282 00557
A 401685.9045723 862986.5834665   283 00535
A 398871.4854469 863570.8942072   284 00822
A 399224.3797134 863197.0359248   285 00810
A 399717.0340854 863116.6738642   287 00817
A 398980.2805069 863673.1601262   288 00819
A 399055.4126206 863622.2372491   289 00820
A 400613.2492297 862317.2518720   291 00811
A 403739.9821857 857377.4823413   294 00003
A 403582.7536079 858061.5094986   295 00006
A 403017.0624059 858343.1372234   296 00613
A 400250.2090619 859197.2080219   297 00800
A 400181.2992870 859193.5811917   298 00801
A 400108.7626817 859226.2226640   299 00802
A 400224.8212501 859403.9373468   300 00803
A 400224.8212501 859701.3374282   301 00805
A 400239.3285711 859868.1716202   302 00806
A 400166.7919659 859882.6789413   303 00807
A 400101.5090212 859875.4252808   304 00808
A 399996.3309436 859857.2911295   305 00809
A 400950.1873023 859139.1787378   306 00700
A 400942.9336418 859309.6397600   307 00701
A 400942.9336418 859472.8471218   308 00702
A 400939.3068115 859643.3081441   309 00703
A 400946.5604720 859795.6350150   310 00704
A 400380.7749513 859146.4323983   311 00705
A 400362.6408000 859813.7691663   312 00711
A 400359.0139697 859596.1593507   313 00710
A 400377.1481211 859378.5495350   314 00707
A 400333.6261579 859226.2226640   315 00706
A 399871.3215442 857775.5498651   316 01048
A 402890.3787496 859534.7020352   317 00621
A 403188.7552853 858809.6149699   318 00607
A 403459.8608473 858291.1874828   319 00612
A 404925.3947449 859119.3738477   321 00043
A 405899.9608721 859318.8492579   322 00472
A 405271.2338171 859154.5135269   323 00479
A 405041.3280238 860115.1772648   324 00415
A 405873.9104912 859953.7909146   325 00456
A 407999.5985042 860476.9929123   326 00239
A 408148.5314958 860514.9031283   327 00236
A 408286.8958974 859680.8783752   328 00109
A 408253.9939311 859473.7261232   329 00108
A 407852.3756222 859228.3935202   330 00111
A 405657.7905785 860938.7921887   333 00512
A 405484.2964798 860853.5662709   334 00510
A 403757.5462014 860723.3659173   335 00505
A 403748.6108830 860811.2298814   336 00506
A 403741.1647843 860890.1585272   337 00507
A 403741.3936967 860987.5950103   338 00508
A 399528.3578790 857728.2790943   339 01001
