0.418 0.432 0.900 0.100 0.100 0.100 
0.213 0.206 0.900 0.100 0.100 0.100 
0.143 0.206 0.900 0.100 0.100 0.100 
0.143 0.230 0.900 0.100 0.100 0.100 
0.143 0.218 0.900 0.100 0.100 0.100 
0.213 0.193 0.900 0.100 0.100 0.100 
0.213 0.218 0.900 0.100 0.100 0.100 
0.082 0.206 0.900 0.100 0.100 0.100 
0.082 0.321 0.900 0.100 0.100 0.100 
0.143 0.354 0.900 0.100 0.100 0.100 
0.082 0.337 0.900 0.100 0.100 0.100 
0.041 0.288 0.900 0.100 0.100 0.100 
0.143 0.337 0.900 0.100 0.100 0.100 
0.143 0.288 0.900 0.100 0.100 0.100 
0.082 0.272 0.900 0.100 0.100 0.100 
0.041 0.272 0.900 0.100 0.100 0.100 
0.041 0.230 0.900 0.100 0.100 0.100 
0.041 0.321 0.900 0.100 0.100 0.100 
0.082 0.305 0.900 0.100 0.100 0.100 
0.143 0.321 0.900 0.100 0.100 0.100 
0.143 0.255 0.900 0.100 0.100 0.100 
0.082 0.218 0.900 0.100 0.100 0.100 
0.041 0.206 0.900 0.100 0.100 0.100 
0.082 0.181 0.900 0.100 0.100 0.100 
0.303 0.609 0.900 0.100 0.100 0.100 
0.041 0.243 0.900 0.100 0.100 0.100 
0.082 0.288 0.900 0.100 0.100 0.100 
0.082 0.243 0.900 0.100 0.100 0.100 
0.041 0.218 0.900 0.100 0.100 0.100 
0.082 0.193 0.900 0.100 0.100 0.100 
0.082 0.169 0.900 0.100 0.100 0.100 
0.082 0.148 0.900 0.100 0.100 0.100 
0.520 0.391 0.900 0.100 0.100 0.100 
0.082 0.132 0.900 0.100 0.100 0.100 
0.082 0.140 0.900 0.100 0.100 0.100 
0.041 0.140 0.900 0.100 0.100 0.100 
0.143 0.169 0.900 0.100 0.100 0.100 
0.143 0.148 0.900 0.100 0.100 0.100 
0.082 0.160 0.900 0.100 0.100 0.100 
0.041 0.119 0.900 0.100 0.100 0.100 
0.143 0.193 0.900 0.100 0.100 0.100 
0.041 0.148 0.900 0.100 0.100 0.100 
0.041 0.132 0.900 0.100 0.100 0.100 
0.041 0.111 0.900 0.100 0.100 0.100 
0.082 0.119 0.900 0.100 0.100 0.100 
0.041 0.103 0.900 0.100 0.100 0.100 
0.016 0.119 0.900 0.100 0.100 0.100 
0.992 0.996 0.900 0.100 0.100 0.100 
0.779 0.634 0.900 0.100 0.100 0.100 
0.143 0.160 0.900 0.100 0.100 0.100 
0.082 0.111 0.900 0.100 0.100 0.100 
0.143 0.181 0.900 0.100 0.100 0.100 
0.303 0.230 0.900 0.100 0.100 0.100 
0.082 0.103 0.900 0.100 0.100 0.100 
0.143 0.243 0.900 0.100 0.100 0.100 
0.701 0.840 0.900 0.100 0.100 0.100 
0.615 0.588 0.100 0.900 0.100 0.100 
0.520 0.634 0.100 0.900 0.100 0.100 
0.615 0.675 0.100 0.900 0.100 0.100 
0.418 0.564 0.100 0.900 0.100 0.100 
0.418 0.543 0.100 0.900 0.100 0.100 
0.418 0.634 0.100 0.900 0.100 0.100 
0.520 0.695 0.100 0.900 0.100 0.100 
0.520 0.609 0.100 0.900 0.100 0.100 
0.520 0.588 0.100 0.900 0.100 0.100 
0.615 0.753 0.100 0.900 0.100 0.100 
0.303 0.374 0.100 0.900 0.100 0.100 
0.520 0.453 0.100 0.900 0.100 0.100 
0.615 0.519 0.100 0.900 0.100 0.100 
0.701 0.634 0.100 0.900 0.100 0.100 
0.779 0.654 0.100 0.900 0.100 0.100 
0.418 0.255 0.100 0.900 0.100 0.100 
0.418 0.321 0.100 0.900 0.100 0.100 
0.701 0.737 0.100 0.900 0.100 0.100 
0.779 0.588 0.100 0.900 0.100 0.100 
0.520 0.564 0.100 0.900 0.100 0.100 
0.303 0.354 0.100 0.900 0.100 0.100 
0.418 0.477 0.100 0.900 0.100 0.100 
0.520 0.477 0.100 0.900 0.100 0.100 
0.615 0.695 0.100 0.900 0.100 0.100 
0.615 0.716 0.100 0.900 0.100 0.100 
0.779 0.716 0.100 0.900 0.100 0.100 
0.701 0.654 0.100 0.900 0.100 0.100 
0.520 0.432 0.100 0.900 0.100 0.100 
0.418 0.453 0.100 0.900 0.100 0.100 
0.303 0.412 0.100 0.900 0.100 0.100 
0.418 0.391 0.100 0.900 0.100 0.100 
0.418 0.412 0.100 0.900 0.100 0.100 
0.213 0.354 0.100 0.900 0.100 0.100 
0.303 0.391 0.100 0.900 0.100 0.100 
0.520 0.498 0.100 0.900 0.100 0.100 
0.520 0.374 0.100 0.900 0.100 0.100 
0.213 0.230 0.100 0.900 0.100 0.100 
0.701 0.588 0.100 0.900 0.100 0.100 
0.520 0.737 0.100 0.900 0.100 0.100 
0.701 0.609 0.100 0.900 0.100 0.100 
0.701 0.695 0.100 0.900 0.100 0.100 
0.418 0.374 0.100 0.900 0.100 0.100 
0.418 0.288 0.100 0.900 0.100 0.100 
0.615 0.564 0.100 0.900 0.100 0.100 
0.303 0.218 0.100 0.900 0.100 0.100 
0.418 0.272 0.100 0.900 0.100 0.100 
0.520 0.519 0.100 0.900 0.100 0.100 
0.303 0.272 0.100 0.900 0.100 0.100 
0.418 0.354 0.100 0.900 0.100 0.100 
0.701 0.519 0.100 0.900 0.100 0.100 
0.615 0.453 0.100 0.900 0.100 0.100 
0.615 0.543 0.100 0.900 0.100 0.100 
0.520 0.753 0.100 0.900 0.100 0.100 
0.143 0.082 0.100 0.900 0.100 0.100 
0.082 0.062 0.100 0.900 0.100 0.100 
0.082 0.074 0.100 0.900 0.100 0.100 
0.082 0.086 0.100 0.900 0.100 0.100 
0.143 0.074 0.100 0.900 0.100 0.100 
0.041 0.062 0.100 0.900 0.100 0.100 
0.143 0.111 0.100 0.900 0.100 0.100 
0.082 0.070 0.100 0.900 0.100 0.100 
0.615 0.498 0.100 0.900 0.100 0.100 
0.902 0.918 0.100 0.100 0.900 0.100 
0.902 0.922 0.100 0.100 0.900 0.100 
0.902 0.930 0.100 0.100 0.900 0.100 
0.902 0.926 0.100 0.100 0.900 0.100 
0.943 0.959 0.100 0.100 0.900 0.100 
0.926 0.938 0.100 0.100 0.900 0.100 
0.926 0.930 0.100 0.100 0.900 0.100 
0.943 0.963 0.100 0.100 0.900 0.100 
0.951 0.971 0.100 0.100 0.900 0.100 
0.926 0.942 0.100 0.100 0.900 0.100 
0.873 0.922 0.100 0.100 0.900 0.100 
0.873 0.918 0.100 0.100 0.900 0.100 
0.902 0.942 0.100 0.100 0.900 0.100 
0.963 0.979 0.100 0.100 0.900 0.100 
0.943 0.967 0.100 0.100 0.900 0.100 
0.926 0.918 0.100 0.100 0.900 0.100 
0.902 0.909 0.100 0.100 0.900 0.100 
0.926 0.955 0.100 0.100 0.900 0.100 
0.980 0.984 0.100 0.100 0.900 0.100 
0.967 0.979 0.100 0.100 0.900 0.100 
0.963 0.963 0.100 0.100 0.900 0.100 
0.951 0.967 0.100 0.100 0.900 0.100 
0.902 0.938 0.100 0.100 0.900 0.100 
0.984 0.988 0.100 0.100 0.900 0.100 
0.975 0.984 0.100 0.100 0.900 0.100 
0.951 0.979 0.100 0.100 0.900 0.100 
0.963 0.975 0.100 0.100 0.900 0.100 
0.926 0.959 0.100 0.100 0.900 0.100 
0.963 0.984 0.100 0.100 0.900 0.100 
0.951 0.975 0.100 0.100 0.900 0.100 
0.943 0.955 0.100 0.100 0.900 0.100 
0.951 0.963 0.100 0.100 0.900 0.100 
0.926 0.951 0.100 0.100 0.900 0.100 
0.926 0.947 0.100 0.100 0.900 0.100 
0.873 0.889 0.100 0.100 0.900 0.100 
0.701 0.770 0.100 0.100 0.900 0.100 
0.779 0.815 0.100 0.100 0.900 0.100 
0.951 0.959 0.100 0.100 0.900 0.100 
0.926 0.934 0.100 0.100 0.900 0.100 
0.832 0.881 0.100 0.100 0.900 0.100 
0.701 0.753 0.100 0.100 0.900 0.100 
0.615 0.654 0.100 0.100 0.900 0.100 
0.873 0.909 0.100 0.100 0.900 0.100 
0.902 0.897 0.100 0.100 0.900 0.100 
0.832 0.831 0.100 0.100 0.900 0.100 
0.701 0.716 0.100 0.100 0.900 0.100 
0.873 0.872 0.100 0.100 0.900 0.100 
0.779 0.881 0.100 0.100 0.900 0.100 
0.832 0.786 0.100 0.100 0.900 0.100 
0.779 0.770 0.100 0.100 0.900 0.100 
0.779 0.737 0.100 0.100 0.900 0.100 
0.779 0.802 0.100 0.100 0.900 0.100 
0.873 0.864 0.100 0.100 0.900 0.100 
0.832 0.840 0.100 0.100 0.900 0.100 
0.779 0.840 0.100 0.100 0.900 0.100 
0.832 0.872 0.100 0.100 0.900 0.100 
0.832 0.889 0.100 0.100 0.900 0.100 
0.779 0.675 0.100 0.100 0.900 0.100 
0.701 0.675 0.100 0.100 0.900 0.100 
0.832 0.815 0.100 0.100 0.900 0.100 
0.902 0.905 0.100 0.100 0.900 0.100 
0.943 0.951 0.100 0.100 0.900 0.100 
0.926 0.963 0.100 0.100 0.900 0.100 
0.873 0.930 0.100 0.100 0.900 0.100 
0.943 0.938 0.100 0.100 0.900 0.100 
0.902 0.951 0.100 0.100 0.900 0.100 
0.902 0.934 0.100 0.100 0.900 0.100 
0.779 0.872 0.100 0.100 0.900 0.100 
0.832 0.905 0.100 0.100 0.900 0.100 
0.832 0.864 0.100 0.100 0.900 0.100 
0.873 0.802 0.100 0.100 0.900 0.100 
0.779 0.852 0.100 0.100 0.900 0.100 
0.779 0.753 0.100 0.100 0.900 0.100 
0.832 0.852 0.100 0.100 0.900 0.100 
0.873 0.905 0.100 0.100 0.900 0.100 
0.832 0.897 0.100 0.100 0.900 0.100 
0.779 0.831 0.100 0.100 0.900 0.100 
0.779 0.786 0.100 0.100 0.900 0.100 
0.615 0.737 0.100 0.100 0.900 0.100 
0.418 0.519 0.100 0.100 0.900 0.100 
0.701 0.786 0.100 0.100 0.900 0.100 
0.873 0.897 0.100 0.100 0.900 0.100 
0.963 0.971 0.100 0.100 0.900 0.100 
0.873 0.926 0.100 0.100 0.900 0.100 
0.975 0.971 0.100 0.100 0.100 0.900 
0.984 0.979 0.100 0.100 0.100 0.900 
0.984 0.984 0.100 0.100 0.100 0.900 
0.975 0.975 0.100 0.100 0.100 0.900 
0.701 0.831 0.100 0.100 0.100 0.900 
0.701 0.815 0.100 0.100 0.100 0.900 
0.701 0.802 0.100 0.100 0.100 0.900 
0.701 0.852 0.100 0.100 0.100 0.900 
0.615 0.770 0.100 0.100 0.100 0.900 
0.779 0.695 0.100 0.100 0.100 0.900 
0.615 0.802 0.100 0.100 0.100 0.900 
0.996 0.996 0.100 0.100 0.100 0.900 
0.963 0.942 0.100 0.100 0.100 0.900 
1.000 1.000 0.100 0.100 0.100 0.900 
0.926 0.889 0.100 0.100 0.100 0.900 
0.980 0.967 0.100 0.100 0.100 0.900 
0.996 1.000 0.100 0.100 0.100 0.900 
0.988 0.996 0.100 0.100 0.100 0.900 
0.967 0.975 0.100 0.100 0.100 0.900 
0.963 0.967 0.100 0.100 0.100 0.900 
0.951 0.955 0.100 0.100 0.100 0.900 
0.832 0.802 0.100 0.100 0.100 0.900 
0.996 0.992 0.100 0.100 0.100 0.900 
0.992 0.988 0.100 0.100 0.100 0.900 
0.988 0.988 0.100 0.100 0.100 0.900 
0.988 0.992 0.100 0.100 0.100 0.900 
0.984 0.992 0.100 0.100 0.100 0.900 
0.902 0.947 0.100 0.100 0.100 0.900 
0.418 0.498 0.100 0.100 0.100 0.900 
0.980 0.988 0.100 0.100 0.100 0.900 
