0.2131 0.2058 0.900 0.100 0.100 0.100 
0.1434 0.2058 0.900 0.100 0.100 0.100 
0.1434 0.2305 0.900 0.100 0.100 0.100 
0.1434 0.2181 0.900 0.100 0.100 0.100 
0.2131 0.1934 0.900 0.100 0.100 0.100 
0.2131 0.2181 0.900 0.100 0.100 0.100 
0.0820 0.2058 0.900 0.100 0.100 0.100 
0.0820 0.3210 0.900 0.100 0.100 0.100 
0.1434 0.3539 0.900 0.100 0.100 0.100 
0.0820 0.3374 0.900 0.100 0.100 0.100 
0.0410 0.2881 0.900 0.100 0.100 0.100 
0.1434 0.3374 0.900 0.100 0.100 0.100 
0.1434 0.2881 0.900 0.100 0.100 0.100 
0.0820 0.2716 0.900 0.100 0.100 0.100 
0.0410 0.2716 0.900 0.100 0.100 0.100 
0.0410 0.2305 0.900 0.100 0.100 0.100 
0.0410 0.3210 0.900 0.100 0.100 0.100 
0.0820 0.3045 0.900 0.100 0.100 0.100 
0.1434 0.3210 0.900 0.100 0.100 0.100 
0.1434 0.2551 0.900 0.100 0.100 0.100 
0.0820 0.2181 0.900 0.100 0.100 0.100 
0.0410 0.2058 0.900 0.100 0.100 0.100 
0.0820 0.1811 0.900 0.100 0.100 0.100 
0.0410 0.2428 0.900 0.100 0.100 0.100 
0.0820 0.2881 0.900 0.100 0.100 0.100 
0.0820 0.2428 0.900 0.100 0.100 0.100 
0.0410 0.2181 0.900 0.100 0.100 0.100 
0.0820 0.1934 0.900 0.100 0.100 0.100 
0.0820 0.1687 0.900 0.100 0.100 0.100 
0.0820 0.1481 0.900 0.100 0.100 0.100 
0.0820 0.1317 0.900 0.100 0.100 0.100 
0.0820 0.1399 0.900 0.100 0.100 0.100 
0.0410 0.1399 0.900 0.100 0.100 0.100 
0.1434 0.1687 0.900 0.100 0.100 0.100 
0.1434 0.1481 0.900 0.100 0.100 0.100 
0.0820 0.1605 0.900 0.100 0.100 0.100 
0.0410 0.1193 0.900 0.100 0.100 0.100 
0.1434 0.1934 0.900 0.100 0.100 0.100 
0.0410 0.1481 0.900 0.100 0.100 0.100 
0.0410 0.1317 0.900 0.100 0.100 0.100 
0.0410 0.1111 0.900 0.100 0.100 0.100 
0.0820 0.1193 0.900 0.100 0.100 0.100 
0.0410 0.1029 0.900 0.100 0.100 0.100 
0.0164 0.1193 0.900 0.100 0.100 0.100 
0.1434 0.1605 0.900 0.100 0.100 0.100 
0.0820 0.1111 0.900 0.100 0.100 0.100 
0.1434 0.1811 0.900 0.100 0.100 0.100 
0.0820 0.1029 0.900 0.100 0.100 0.100 
0.1434 0.2428 0.900 0.100 0.100 0.100 
0.6148 0.5885 0.100 0.900 0.100 0.100 
0.5205 0.6337 0.100 0.900 0.100 0.100 
0.6148 0.6749 0.100 0.900 0.100 0.100 
0.4180 0.5638 0.100 0.900 0.100 0.100 
0.4180 0.5432 0.100 0.900 0.100 0.100 
0.4180 0.6337 0.100 0.900 0.100 0.100 
0.5205 0.6955 0.100 0.900 0.100 0.100 
0.5205 0.6091 0.100 0.900 0.100 0.100 
0.5205 0.5885 0.100 0.900 0.100 0.100 
0.6148 0.7531 0.100 0.900 0.100 0.100 
0.5205 0.4527 0.100 0.900 0.100 0.100 
0.6148 0.5185 0.100 0.900 0.100 0.100 
0.4180 0.2551 0.100 0.900 0.100 0.100 
0.4180 0.3210 0.100 0.900 0.100 0.100 
0.5205 0.5638 0.100 0.900 0.100 0.100 
0.4180 0.4774 0.100 0.900 0.100 0.100 
0.5205 0.4774 0.100 0.900 0.100 0.100 
0.6148 0.6955 0.100 0.900 0.100 0.100 
0.6148 0.7160 0.100 0.900 0.100 0.100 
0.7008 0.6543 0.100 0.900 0.100 0.100 
0.5205 0.4321 0.100 0.900 0.100 0.100 
0.4180 0.4527 0.100 0.900 0.100 0.100 
0.4180 0.3909 0.100 0.900 0.100 0.100 
0.4180 0.4115 0.100 0.900 0.100 0.100 
0.5205 0.4979 0.100 0.900 0.100 0.100 
0.5205 0.3745 0.100 0.900 0.100 0.100 
0.7008 0.5885 0.100 0.900 0.100 0.100 
0.5205 0.7366 0.100 0.900 0.100 0.100 
0.7008 0.6091 0.100 0.900 0.100 0.100 
0.7008 0.6955 0.100 0.900 0.100 0.100 
0.4180 0.3745 0.100 0.900 0.100 0.100 
0.4180 0.2881 0.100 0.900 0.100 0.100 
0.6148 0.5638 0.100 0.900 0.100 0.100 
0.4180 0.2716 0.100 0.900 0.100 0.100 
0.5205 0.5185 0.100 0.900 0.100 0.100 
0.4180 0.3539 0.100 0.900 0.100 0.100 
0.7008 0.5185 0.100 0.900 0.100 0.100 
0.6148 0.4527 0.100 0.900 0.100 0.100 
0.6148 0.5432 0.100 0.900 0.100 0.100 
0.5205 0.7531 0.100 0.900 0.100 0.100 
0.6148 0.4979 0.100 0.900 0.100 0.100 
0.9016 0.9177 0.100 0.100 0.900 0.100 
0.9016 0.9218 0.100 0.100 0.900 0.100 
0.9016 0.9300 0.100 0.100 0.900 0.100 
0.9016 0.9259 0.100 0.100 0.900 0.100 
0.9426 0.9588 0.100 0.100 0.900 0.100 
0.9262 0.9383 0.100 0.100 0.900 0.100 
0.9262 0.9300 0.100 0.100 0.900 0.100 
0.9262 0.9424 0.100 0.100 0.900 0.100 
0.8730 0.9218 0.100 0.100 0.900 0.100 
0.8730 0.9177 0.100 0.100 0.900 0.100 
0.9016 0.9424 0.100 0.100 0.900 0.100 
0.9262 0.9177 0.100 0.100 0.900 0.100 
0.9016 0.9095 0.100 0.100 0.900 0.100 
0.9262 0.9547 0.100 0.100 0.900 0.100 
0.9016 0.9383 0.100 0.100 0.900 0.100 
0.9426 0.9547 0.100 0.100 0.900 0.100 
0.9262 0.9506 0.100 0.100 0.900 0.100 
0.9262 0.9465 0.100 0.100 0.900 0.100 
0.8730 0.8889 0.100 0.100 0.900 0.100 
0.8320 0.8807 0.100 0.100 0.900 0.100 
0.8730 0.9095 0.100 0.100 0.900 0.100 
0.9016 0.8971 0.100 0.100 0.900 0.100 
0.8320 0.8313 0.100 0.100 0.900 0.100 
0.8730 0.8724 0.100 0.100 0.900 0.100 
0.7787 0.8807 0.100 0.100 0.900 0.100 
0.8320 0.7860 0.100 0.100 0.900 0.100 
0.7787 0.7695 0.100 0.100 0.900 0.100 
0.7787 0.7366 0.100 0.100 0.900 0.100 
0.7787 0.8025 0.100 0.100 0.900 0.100 
0.8730 0.8642 0.100 0.100 0.900 0.100 
0.8320 0.8395 0.100 0.100 0.900 0.100 
0.7787 0.8395 0.100 0.100 0.900 0.100 
0.8320 0.8724 0.100 0.100 0.900 0.100 
0.8320 0.8889 0.100 0.100 0.900 0.100 
0.8320 0.8148 0.100 0.100 0.900 0.100 
0.9016 0.9053 0.100 0.100 0.900 0.100 
0.9426 0.9506 0.100 0.100 0.900 0.100 
0.8730 0.9300 0.100 0.100 0.900 0.100 
0.9426 0.9383 0.100 0.100 0.900 0.100 
0.9016 0.9506 0.100 0.100 0.900 0.100 
0.9016 0.9342 0.100 0.100 0.900 0.100 
0.7787 0.8724 0.100 0.100 0.900 0.100 
0.8320 0.9053 0.100 0.100 0.900 0.100 
0.8320 0.8642 0.100 0.100 0.900 0.100 
0.8730 0.8025 0.100 0.100 0.900 0.100 
0.7787 0.8519 0.100 0.100 0.900 0.100 
0.7787 0.7531 0.100 0.100 0.900 0.100 
0.8320 0.8519 0.100 0.100 0.900 0.100 
0.8730 0.9053 0.100 0.100 0.900 0.100 
0.8320 0.8971 0.100 0.100 0.900 0.100 
0.7787 0.8313 0.100 0.100 0.900 0.100 
0.7787 0.7860 0.100 0.100 0.900 0.100 
0.8730 0.8971 0.100 0.100 0.900 0.100 
0.8730 0.9259 0.100 0.100 0.900 0.100 
0.9836 0.9835 0.100 0.100 0.100 0.900 
0.9959 0.9959 0.100 0.100 0.100 0.900 
0.9877 0.9959 0.100 0.100 0.100 0.900 
0.9631 0.9671 0.100 0.100 0.100 0.900 
0.9959 0.9918 0.100 0.100 0.100 0.900 
0.9918 0.9877 0.100 0.100 0.100 0.900 
0.9877 0.9877 0.100 0.100 0.100 0.900 
0.9877 0.9918 0.100 0.100 0.100 0.900 
0.9836 0.9918 0.100 0.100 0.100 0.900 
0.9795 0.9877 0.100 0.100 0.100 0.900 
