/* Hex: 60  `     */
00 00 00 00 03 80 03 80 01 c0
01 c0 00 e0 00 60 00 02 00 00
00 00 00 00 00 00 00 00 00 00
00 00 00 00 00 00 00 00 00 00
/* Hex: 61  a     */
00 00 00 00 00 00 00 00 00 00
00 00 07 e0 0f f0 1c 38 38 1c
30 0c 30 0c 30 0c 30 0c 38 1c
1c 3c 0f fc 07 ec 00 00 00 00
/* Hex: 62  b     */
00 00 00 00 30 00 30 00 30 00
30 00 33 e0 37 f0 3e 38 3c 1c
38 0c 30 0c 30 0c 38 0c 3c 1c
3e 38 37 f0 33 e0 00 00 00 00
/* Hex: 63  c     */
00 00 00 00 00 00 00 00 00 00
00 00 0f f0 1f f8 38 1c 30 0c
30 00 30 00 30 00 30 00 30 0c
38 1c 1f f8 0f f0 00 00 00 00
/* Hex: 64  d     */
00 00 00 00 00 0c 00 0c 00 0c
00 0c 07 cc 0f ec 1c 7c 38 3c
30 1c 30 0c 30 0c 30 1c 38 3c
1c 7c 0f ec 07 cc 00 00 00 00
/* Hex: 65  e     */
00 00 00 00 00 00 00 00 00 00
00 00 0f f0 1f f8 38 1c 30 0c
30 0c 3f fc 3f fc 30 00 30 00
38 1c 1f f8 0f f0 00 00 00 00
/* Hex: 66  f     */
00 00 00 00 00 e0 01 f0 01 80
01 80 1f f8 1f f8 01 80 01 80
01 80 01 80 01 80 01 80 01 80
01 80 01 80 01 80 00 00 00 00
/* Hex: 67  g     */
00 00 00 00 00 00 00 00 00 00
00 00 07 e0 0f f0 1c 38 18 18
18 18 18 18 1c 38 0f f8 07 f8
00 18 00 18 18 38 1f f0 0f e0
/* Hex: 68  h     */
00 00 00 00 18 00 18 00 18 00
18 00 18 00 1f e0 1f f0 1c 38
18 18 18 18 18 18 18 18 18 18
18 18 18 18 18 18 00 00 00 00
/* Hex: 69  i     */
00 00 00 00 01 80 01 80 00 00
00 00 01 80 03 80 03 80 01 80
01 80 01 80 01 80 01 80 01 80
01 80 07 e0 07 e0 00 00 00 00
/* Hex: 6A  j     */
00 00 00 00 01 80 01 80 00 00
00 00 01 80 03 80 03 80 01 80
01 80 01 80 01 80 01 80 01 80
01 80 01 80 33 80 3f 00 1e 00
/* Hex: 6B  k     */
00 00 00 00 30 00 30 00 30 00
30 00 30 00 30 70 30 e0 31 c0
33 80 37 00 3f 80 3d c0 30 e0
30 70 30 38 30 1c 00 00 00 00
/* Hex: 6C  l     */
00 00 00 00 01 80 01 80 01 80
01 80 01 80 01 80 01 80 01 80
01 80 01 80 01 80 01 80 01 80
01 80 01 80 01 80 00 00 00 00
/* Hex: 6D  m     */
00 00 00 00 00 00 00 00 00 00
00 00 37 38 3f fc 39 cc 31 8c
31 8c 31 8c 31 8c 31 8c 31 8c
31 8c 31 8c 31 8c 00 00 00 00
/* Hex: 6E  n     */
00 00 00 00 00 00 00 00 00 00
00 00 19 e0 1b f0 1f 38 1e 18
18 18 18 18 18 18 18 18 18 18
18 18 18 18 18 18 00 00 00 00
/* Hex: 6F  o     */
00 00 00 00 00 00 00 00 00 00
00 00 07 e0 0f f0 1c 38 18 18
18 18 18 18 18 18 18 18 18 18
1c 38 0f f0 07 e0 00 00 00 00
/* Hex: 70  p     */
00 00 00 00 00 00 00 00 00 00
00 00 33 e0 37 f0 3e 38 3c 1c
38 0c 38 0c 38 0c 3c 1c 3e 38
37 f0 33 e0 30 00 30 00 30 00
/* Hex: 71  q     */
00 00 00 00 00 00 00 00 00 00
00 00 07 cc 0f ec 1c 7c 38 3c
30 1c 30 1c 30 1c 38 3c 1c 7c
0f ec 07 cc 00 0c 00 0c 00 0c
/* Hex: 72  r     */
00 00 00 00 00 00 00 00 00 00
00 00 19 f8 1b f8 1f 00 1e 00
1c 00 18 00 18 00 18 00 18 00
18 00 18 00 18 00 00 00 00 00
/* Hex: 73  s     */
00 00 00 00 00 00 00 00 00 00
00 00 07 e0 0f f0 18 18 18 00
18 00 0f e0 07 f0 00 38 00 18
18 f0 1f f0 0f e0 00 00 00 00
/* Hex: 74  t     */
00 00 00 00 00 00 00 00 01 80
01 80 1f f8 1f f8 01 80 01 80
01 80 01 80 01 80 01 80 01 80
01 c0 01 f0 00 f0 00 00 00 00
/* Hex: 75  u     */
00 00 00 00 00 00 00 00 00 00
00 00 18 18 18 18 18 18 18 18
18 18 18 18 18 18 18 38 1c 78
1e f8 0f d8 07 98 00 00 00 00
/* Hex: 76  v     */
00 00 00 00 00 00 00 00 00 00
00 00 18 18 18 18 18 18 18 18
0c 30 0c 30 0c 30 06 60 06 60
03 c0 01 80 01 80 00 00 00 00
/* Hex: 77  w     */
00 00 00 00 00 00 00 00 00 00
00 00 30 0c 31 8c 31 8c 31 8c
31 8c 33 cc 32 4c 36 6c 1e 78
1e 78 0c 30 0c 30 00 00 00 00
/* Hex: 78  x     */
00 00 00 00 00 00 00 00 00 00
00 00 30 0c 38 1c 1c 38 0e 70
07 e0 03 c0 03 c0 07 e0 0e 70
1c 38 38 1c 30 0c 00 00 00 00
/* Hex: 79  y     */
00 00 00 00 00 00 00 00 00 00
18 38 1c 38 0e 70 07 70 03 e0
01 e0 01 c0 01 c0 01 80 03 80
03 00 07 00 0e 00 1c 00 18 00
/* Hex: 7A  z     */
00 00 00 00 00 00 00 00 00 00
00 00 1f f8 1f f8 00 38 00 70
00 e0 01 c0 03 80 07 00 0e 00
1c 00 1f f8 1f f8 00 00 00 00
/* Hex: 7B  {     */
00 00 00 00 00 e0 01 e0 01 80
01 80 01 80 01 80 03 80 07 00
07 00 03 80 01 80 01 80 01 80
01 80 01 e0 00 e0 00 00 00 00
/* Hex: 7C  |     */
01 80 01 80 01 80 01 80 01 80
01 80 01 80 01 80 01 80 01 80
01 80 01 80 01 80 01 80 01 80
01 80 01 80 01 80 01 80 01 80
/* Hex: 7D  }     */
00 00 00 00 07 00 07 80 01 80
01 80 01 80 01 80 01 c0 00 e0
00 e0 01 c0 01 80 01 80 01 80
01 80 07 80 07 00 00 00 00 00
/* Hex: 7E  ~     */
00 00 00 00 00 00 00 00 00 00
00 00 0c 00 1e 00 33 00 31 80
01 8c 00 cc 00 78 00 30 00 00
00 00 00 00 00 00 00 00 00 00
