Slapton Wood Catchment                                                          
    51    71     20.00
   9999.00   9999.00   9999.00   9999.00   9999.00   9999.00   9999.00   9999.00
   9999.00   9999.00   9999.00   9999.00   9999.00   9999.00   9999.00   9999.00
   9999.00   9999.00   9999.00   9999.00   9999.00   9999.00   9999.00   9999.00
   9999.00   9999.00   9999.00   9999.00   9999.00   9999.00   9999.00   9999.00
   9999.00   9999.00   9999.00   9999.00   9999.00   9999.00   9999.00     97.03
     95.12     93.14     90.88     86.69   9999.00   9999.00   9999.00   9999.00
   9999.00   9999.00   9999.00
   9999.00   9999.00   9999.00   9999.00   9999.00   9999.00   9999.00   9999.00
   9999.00   9999.00   9999.00   9999.00   9999.00   9999.00   9999.00   9999.00
   9999.00   9999.00   9999.00   9999.00   9999.00   9999.00   9999.00   9999.00
   9999.00   9999.00   9999.00   9999.00   9999.00   9999.00   9999.00   9999.00
   9999.00   9999.00   9999.00   9999.00   9999.00   9999.00     99.31     97.66
     95.52     93.22     90.08     84.79     80.05   9999.00   9999.00   9999.00
   9999.00   9999.00   9999.00
   9999.00   9999.00   9999.00   9999.00   9999.00   9999.00   9999.00   9999.00
   9999.00   9999.00   9999.00   9999.00   9999.00   9999.00   9999.00   9999.00
   9999.00   9999.00   9999.00   9999.00   9999.00   9999.00   9999.00   9999.00
   9999.00   9999.00   9999.00   9999.00   9999.00   9999.00   9999.00   9999.00
   9999.00   9999.00   9999.00   9999.00    102.55    101.06     99.63     97.99
     95.82     92.98     88.09     82.12     76.86     72.76   9999.00   9999.00
   9999.00   9999.00   9999.00
   9999.00   9999.00   9999.00   9999.00   9999.00   9999.00   9999.00   9999.00
   9999.00   9999.00   9999.00   9999.00   9999.00   9999.00   9999.00   9999.00
   9999.00   9999.00   9999.00   9999.00   9999.00   9999.00   9999.00   9999.00
   9999.00   9999.00   9999.00   9999.00   9999.00   9999.00   9999.00   9999.00
   9999.00   9999.00   9999.00    104.66    103.10    101.46     99.80     98.42
     96.08     93.04     86.35     79.23     73.73     69.20     65.19   9999.00
   9999.00   9999.00   9999.00
   9999.00   9999.00   9999.00   9999.00   9999.00   9999.00   9999.00   9999.00
   9999.00   9999.00   9999.00   9999.00   9999.00   9999.00   9999.00   9999.00
   9999.00   9999.00   9999.00   9999.00   9999.00   9999.00   9999.00   9999.00
   9999.00   9999.00   9999.00   9999.00   9999.00   9999.00   9999.00   9999.00
    107.82    106.94    106.41    105.01    103.40    101.66    100.04     98.61
     95.76     92.23     84.71     76.47     70.07     64.62     59.43     55.16
   9999.00   9999.00   9999.00
   9999.00   9999.00   9999.00   9999.00   9999.00   9999.00   9999.00   9999.00
   9999.00   9999.00   9999.00   9999.00   9999.00   9999.00   9999.00   9999.00
   9999.00   9999.00   9999.00   9999.00   9999.00   9999.00   9999.00   9999.00
   9999.00   9999.00   9999.00   9999.00   9999.00   9999.00   9999.00    109.20
    107.94    106.97    106.41    104.96    103.27    101.49     99.90     97.69
     94.34     89.87     82.03     72.93     64.61     58.86     54.52     49.96
     46.03   9999.00   9999.00
   9999.00   9999.00   9999.00   9999.00   9999.00   9999.00   9999.00   9999.00
   9999.00   9999.00   9999.00   9999.00   9999.00   9999.00   9999.00   9999.00
   9999.00   9999.00   9999.00   9999.00   9999.00   9999.00   9999.00   9999.00
   9999.00   9999.00   9999.00   9999.00   9999.00   9999.00    110.77    109.36
    107.95    106.91    106.03    104.42    102.64    100.87     99.22     95.81
     91.91     85.87     76.59     66.89     59.38     53.39     48.68     43.26
     38.15   9999.00   9999.00
   9999.00   9999.00   9999.00   9999.00   9999.00   9999.00   9999.00   9999.00
   9999.00   9999.00   9999.00   9999.00   9999.00   9999.00   9999.00   9999.00
   9999.00   9999.00   9999.00   9999.00   9999.00   9999.00   9999.00   9999.00
   9999.00   9999.00   9999.00   9999.00   9999.00    112.63    110.96    109.33
    107.87    106.67    105.25    103.45    101.61     99.88     97.41     93.36
     88.32     80.57     70.79     61.43     54.82     49.03     42.23     35.68
     30.80     27.16   9999.00
   9999.00   9999.00   9999.00   9999.00   9999.00   9999.00   9999.00   9999.00
   9999.00   9999.00   9999.00   9999.00   9999.00   9999.00   9999.00   9999.00
   9999.00   9999.00   9999.00   9999.00   9999.00   9999.00   9999.00   9999.00
   9999.00   9999.00    114.44    114.42    113.88    112.23    110.40    108.72
    107.28    105.90    104.09    102.22    100.45     98.64     95.52     90.93
     83.74     74.57     65.71     57.00     50.17     43.29     35.44     28.82
     24.07     22.89     22.39
   9999.00   9999.00   9999.00   9999.00   9999.00   9999.00   9999.00   9999.00
   9999.00   9999.00   9999.00   9999.00   9999.00   9999.00   9999.00   9999.00
   9999.00   9999.00   9999.00   9999.00   9999.00   9999.00   9999.00   9999.00
   9999.00    114.37    114.31    114.06    112.86    110.92    109.02    107.54
    106.31    104.64    102.66    100.80     99.24     96.95     93.49     87.19
     78.39     69.89     60.97     52.57     44.38     35.87     30.65     27.19
     24.08     23.88   9999.00
   9999.00   9999.00   9999.00   9999.00   9999.00   9999.00   9999.00   9999.00
   9999.00   9999.00   9999.00   9999.00   9999.00   9999.00   9999.00   9999.00
   9999.00   9999.00   9999.00   9999.00   9999.00   9999.00   9999.00    114.40
    114.36    114.21    113.51    112.46    110.91    108.98    107.20    105.95
    104.60    102.83    100.96     99.34     97.51     94.70     90.37     82.04
     73.68     65.53     56.04     47.56     38.18     31.36     29.90     28.77
     28.17     29.07   9999.00
   9999.00   9999.00   9999.00   9999.00   9999.00   9999.00   9999.00   9999.00
   9999.00   9999.00   9999.00   9999.00   9999.00   9999.00   9999.00   9999.00
   9999.00   9999.00   9999.00   9999.00   9999.00    114.50    114.44    114.36
    114.21    113.24    111.73    110.29    108.82    107.15    105.52    103.98
    102.56    100.95     99.23     97.63     95.33     92.23     86.06     77.41
     69.82     60.96     51.99     42.86     34.18     30.52     30.28     31.39
     33.66     34.71   9999.00
   9999.00   9999.00   9999.00   9999.00   9999.00   9999.00   9999.00   9999.00
   9999.00   9999.00   9999.00   9999.00   9999.00   9999.00   9999.00   9999.00
   9999.00   9999.00   9999.00   9999.00    114.55    114.45    114.37    114.20
    113.21    111.51    109.69    108.09    106.90    105.42    103.50    101.78
    100.42     99.05     97.06     95.01     92.39     87.51     79.55     72.91
     65.55     55.56     46.67     38.21     31.64     30.50     32.10     37.14
     41.27     42.49   9999.00
   9999.00   9999.00   9999.00   9999.00   9999.00   9999.00   9999.00   9999.00
   9999.00   9999.00   9999.00   9999.00   9999.00   9999.00   9999.00   9999.00
   9999.00    114.95    114.73    114.58    114.45    114.36    113.97    113.00
    111.42    109.57    107.79    106.36    104.96    103.29    101.30     99.50
     97.67     95.78     93.75     91.50     86.49     79.16     73.73     68.39
     60.12     50.15     41.40     34.44     30.65     32.00     37.54     44.53
     48.98     51.72   9999.00
   9999.00   9999.00   9999.00   9999.00   9999.00   9999.00   9999.00   9999.00
   9999.00   9999.00   9999.00   9999.00   9999.00   9999.00   9999.00   9999.00
    115.44    115.11    114.71    114.45    114.35    114.00    112.79    111.20
    109.47    107.75    106.32    104.72    103.01    101.14     98.83     96.49
     94.03     91.66     88.59     84.72     78.41     73.37     69.32     63.51
     54.63     45.36     37.59     32.04     31.54     36.58     43.65     50.37
     55.56     59.56   9999.00
   9999.00   9999.00   9999.00   9999.00   9999.00   9999.00   9999.00   9999.00
   9999.00   9999.00   9999.00   9999.00   9999.00   9999.00   9999.00    115.80
    115.46    115.05    114.63    114.39    114.25    113.13    111.29    109.40
    107.70    106.31    104.55    102.63    100.90     98.62     95.43     92.92
     90.05     86.16     82.23     77.93     73.27     69.23     65.21     58.64
     49.88     41.42     36.58     33.96     35.96     42.47     49.52     56.13
     61.22     64.20     66.23
   9999.00   9999.00   9999.00   9999.00   9999.00   9999.00   9999.00   9999.00
   9999.00   9999.00   9999.00   9999.00   9999.00   9999.00    116.72    116.08
    115.50    114.90    114.49    114.34    113.71    111.78    109.68    107.76
    106.32    104.61    102.49    100.41     98.20     94.72     91.52     88.29
     84.67     80.40     76.30     72.05     68.12     64.50     59.84     52.07
     44.04     38.83     37.08     37.10     41.37     48.95     55.76     61.80
     66.27     68.93     70.74
   9999.00   9999.00   9999.00   9999.00   9999.00   9999.00   9999.00   9999.00
   9999.00   9999.00   9999.00   9999.00   9999.00    118.06    117.11    116.25
    115.49    114.71    114.26    113.79    112.35    110.23    108.09    106.40
    104.87    102.92    100.61     97.96     94.06     90.37     86.43     81.93
     78.36     74.28     70.63     66.49     62.46     57.49     51.33     45.37
     39.59     37.71     37.64     40.15     47.41     55.32     62.19     67.73
     71.28     73.69     75.69
   9999.00   9999.00   9999.00   9999.00   9999.00   9999.00   9999.00   9999.00
   9999.00   9999.00   9999.00   9999.00    119.58    118.65    117.55    116.43
    115.42    114.52    113.92    112.83    111.14    108.87    106.83    105.09
    103.20    101.16     98.58     93.59     89.60     85.93     81.46     77.09
     73.51     69.55     66.12     61.67     57.22     52.11     46.82     43.29
     39.01     37.81     38.42     44.43     53.30     60.23     66.80     71.83
     75.28     77.72     79.96
   9999.00   9999.00   9999.00   9999.00   9999.00   9999.00   9999.00   9999.00
   9999.00   9999.00   9999.00    121.34    120.37    119.24    118.02    116.73
    115.50    114.47    113.83    112.43    110.41    108.08    105.97    103.91
    101.50     98.92     94.42     89.80     86.06     82.81     78.75     75.03
     71.22     68.10     64.48     60.24     55.53     52.18     48.66     44.97
     41.27     39.11     41.51     48.21     57.97     64.82     70.62     75.66
     78.67     81.57     83.85
   9999.00   9999.00   9999.00   9999.00   9999.00   9999.00   9999.00   9999.00
   9999.00   9999.00    121.99    121.86    121.09    119.85    118.56    117.19
    115.88    114.71    114.04    112.52    110.32    107.89    105.79    103.46
    100.61     96.90     91.94     88.55     84.92     82.60     79.09     75.73
     72.78     70.25     67.97     65.30     61.81     57.95     54.10     50.21
     46.55     44.08     45.10     51.09     60.10     68.04     73.62     78.10
     81.72     85.07     87.95
   9999.00   9999.00   9999.00   9999.00   9999.00   9999.00   9999.00   9999.00
   9999.00   9999.00    122.07    121.96    121.40    120.32    119.11    117.79
    116.53    115.42    114.48    113.24    111.01    108.41    106.42    104.21
    101.15     97.95     94.19     90.62     88.21     85.78     82.53     79.49
     76.80     74.56     73.20     71.22     68.62     64.77     60.63     55.70
     51.89     49.14     49.28     53.66     60.94     68.61     75.36     79.64
     83.83     88.47     91.26
   9999.00   9999.00   9999.00   9999.00   9999.00   9999.00   9999.00   9999.00
    122.28    122.16    122.05    121.97    121.66    120.74    119.64    118.42
    117.23    116.17    115.18    114.23    112.37    109.97    107.78    105.66
    103.04    100.52     98.11     95.39     93.25     91.24     88.58     86.13
     82.64     79.64     77.54     75.31     72.33     68.90     64.44     59.08
     54.47     52.30     52.30     55.19     61.20     69.12     76.23     80.99
     86.72     90.88     91.67
   9999.00   9999.00   9999.00   9999.00   9999.00   9999.00   9999.00    122.47
    122.28    122.16    122.07    122.01    121.88    121.21    120.12    119.01
    117.90    116.86    115.83    114.87    113.68    111.51    109.24    107.19
    105.29    102.97    100.86     99.47     98.00     96.18     94.27     92.63
     89.66     85.53     82.49     79.10     75.38     70.84     66.07     60.86
     55.71     53.22     53.50     56.35     62.32     71.37     77.78     82.67
     89.44     91.90     92.16
   9999.00   9999.00   9999.00   9999.00   9999.00   9999.00   9999.00    122.43
    122.26    122.22    122.13    122.04    121.95    121.44    120.48    119.45
    118.41    117.37    116.30    115.30    114.31    112.65    110.60    108.64
    106.98    105.28    103.32    101.82    100.72     99.52     98.09     96.13
     93.89     90.72     86.57     82.08     77.05     71.78     66.75     61.16
     55.99     53.47     54.66     58.11     63.69     72.51     78.84     85.13
     91.25     92.65     93.05
   9999.00   9999.00   9999.00   9999.00   9999.00   9999.00   9999.00    122.44
    122.32    122.27    122.16    122.03    121.94    121.60    120.71    119.77
    118.75    117.68    116.61    115.55    114.63    113.49    111.77    109.97
    108.29    106.94    105.45    103.93    102.64    101.27     99.93     98.62
     96.29     93.28     89.91     84.41     79.00     72.36     65.73     60.90
     57.23     55.17     56.38     60.51     67.30     74.71     80.67     88.00
     92.51     93.63     93.98
   9999.00   9999.00   9999.00   9999.00   9999.00   9999.00   9999.00    122.55
    122.42    122.27    122.14    122.02    121.93    121.63    120.84    119.95
    118.93    117.87    116.84    115.63    114.61    114.01    112.68    111.13
    109.57    108.15    106.99    105.68    104.16    102.59    101.05     99.64
     97.42     94.37     91.72     86.54     79.35     71.43     64.04     60.55
     58.80     57.91     59.09     64.17     71.72     77.46     83.24     90.15
     93.23     94.46     94.81
   9999.00   9999.00   9999.00   9999.00   9999.00    122.35    122.43    122.44
    122.40    122.28    122.15    122.03    121.97    121.74    120.88    119.95
    118.95    117.92    116.94    115.74    114.67    114.24    113.38    111.99
    110.51    109.07    107.82    106.71    105.23    103.51    101.74     99.84
     97.59     94.69     91.98     85.97     76.65     67.71     61.72     60.43
     59.73     59.96     62.84     69.13     74.80     80.51     86.57     91.76
     93.93     95.12     95.54
   9999.00   9999.00   9999.00   9999.00   9999.00    122.32    122.29    122.30
    122.28    122.22    122.14    122.03    121.97    121.66    120.72    119.76
    118.79    117.88    116.93    115.91    114.87    114.35    113.78    112.50
    111.10    109.68    108.18    106.96    105.71    103.94    102.00     99.94
     97.59     94.64     90.75     82.94     73.52     64.98     60.94     60.52
     60.56     61.69     66.93     72.60     78.83     84.46     89.17     92.96
     94.94     95.94     96.01
   9999.00   9999.00   9999.00   9999.00   9999.00    122.32    122.28    122.27
    122.24    122.16    122.05    121.99    121.92    121.36    120.36    119.41
    118.52    117.57    116.78    116.07    115.17    114.51    114.01    112.70
    111.36    109.99    108.35    106.99    105.74    103.87    101.84     99.88
     97.37     94.15     88.93     79.62     70.25     63.93     60.82     60.66
     62.04     66.84     71.84     76.87     83.07     87.78     91.47     94.16
     96.11     96.86   9999.00
   9999.00   9999.00   9999.00   9999.00    122.50    122.31    122.32    122.33
    122.27    122.10    121.98    121.93    121.70    120.81    119.81    118.95
    118.11    117.23    116.51    115.92    115.24    114.57    114.00    112.61
    111.25    109.78    108.32    107.05    105.62    103.58    101.44     99.29
     96.50     93.10     87.67     77.00     67.90     63.57     61.13     61.68
     66.50     71.66     76.30     82.21     87.21     90.57     93.24     95.74
     97.56     98.14   9999.00
   9999.00   9999.00   9999.00    122.80    122.56    122.48    122.46    122.40
    122.28    122.04    121.93    121.70    120.96    120.02    119.12    118.25
    117.46    116.76    116.10    115.54    114.98    114.42    113.63    112.12
    110.65    109.27    108.01    106.80    105.13    103.06    100.95     98.78
     95.51     92.06     86.57     75.92     67.09     64.38     62.54     65.58
     71.38     76.27     81.97     86.89     90.47     92.83     95.35     97.55
     98.74     99.07   9999.00
   9999.00   9999.00   9999.00    123.12    122.84    122.74    122.61    122.47
    122.23    121.93    121.65    120.97    120.09    119.22    118.35    117.48
    116.74    116.06    115.45    114.94    114.46    113.79    112.51    111.03
    109.58    108.32    107.35    106.20    104.26    102.25    100.22     97.92
     94.79     91.02     83.59     73.52     67.72     66.46     66.77     70.13
     75.66     81.61     87.45     91.21     93.21     95.34     97.60     99.01
     99.29     99.47   9999.00
   9999.00   9999.00   9999.00    123.49    123.14    122.93    122.76    122.52
    122.17    121.64    121.00    120.18    119.24    118.29    117.39    116.54
    115.78    115.08    114.43    113.84    113.06    112.02    110.79    109.47
    108.24    107.10    106.10    104.70    103.07    101.20     99.16     96.41
     93.66     90.52     82.59     71.29     67.96     67.99     69.45     73.70
     79.70     86.68     91.46     93.56     95.55     97.61     99.26     99.96
    100.20    100.38   9999.00
   9999.00   9999.00   9999.00    123.91    123.47    123.20    122.93    122.57
    122.15    121.49    120.59    119.60    118.44    117.34    116.33    115.43
    114.68    113.92    113.07    112.18    111.14    110.02    108.86    107.68
    106.60    105.26    103.83    102.53    101.32     99.91     97.11     93.79
     91.47     87.75     79.88     70.55     68.19     68.76     71.92     76.44
     83.03     90.09     93.35     95.41     97.39     99.26    100.74    101.51
    101.64    101.42   9999.00
   9999.00   9999.00    124.83    124.42    123.90    123.53    123.11    122.64
    122.17    121.50    120.42    119.18    117.79    116.46    115.22    114.49
    113.84    112.97    111.95    110.75    109.38    108.00    106.88    105.51
    103.82    102.28    101.02     99.65     98.29     96.55     92.62     89.47
     87.06     83.09     76.18     69.72     68.45     70.10     74.91     79.71
     86.06     91.96     94.84     97.09     99.13    101.17    102.81    103.46
    103.07   9999.00   9999.00
   9999.00   9999.00    125.37    124.95    124.40    123.88    123.33    122.77
    122.22    121.66    120.48    119.00    117.44    115.89    114.54    114.16
    113.58    112.55    111.25    109.74    108.04    106.51    105.21    103.45
    101.15     99.40     97.90     95.02     92.47     90.09     86.47     84.26
     82.12     77.85     74.74     70.92     69.60     72.94     77.91     83.08
     88.91     93.48     96.42     98.93    101.16    103.38    105.13    105.53
   9999.00   9999.00   9999.00
   9999.00   9999.00    125.95    125.47    124.96    124.35    123.63    122.99
    122.41    121.81    120.63    119.16    117.57    116.02    114.67    114.20
    113.64    112.38    110.82    109.30    107.61    106.20    104.73    102.85
    100.68     98.74     96.22     92.28     90.64     87.83     83.90     81.54
     78.26     76.12     74.85     72.97     72.79     75.59     80.35     85.30
     90.88     94.85     97.99    100.55    103.03    105.34    106.58   9999.00
   9999.00   9999.00   9999.00
   9999.00    126.95    126.64    126.22    125.63    124.99    124.17    123.38
    122.67    121.94    120.91    119.54    118.07    116.68    115.38    114.44
    113.88    112.56    110.96    109.37    107.78    106.51    105.04    103.21
    101.47     99.68     97.21     93.76     91.40     89.09     85.12     81.27
     77.06     75.97     75.28     74.69     75.06     77.41     82.17     87.51
     92.43     96.69     99.54    102.02    104.61    106.43    106.77   9999.00
   9999.00   9999.00   9999.00
   9999.00    127.75    127.56    127.09    126.46    125.75    124.89    123.96
    123.09    122.28    121.31    120.15    118.90    117.62    116.37    115.15
    114.14    112.96    111.51    109.98    108.48    107.08    105.69    104.06
    102.40    100.74     99.19     96.89     94.01     91.75     88.33     83.49
     78.64     76.06     75.68     75.80     76.59     80.05     84.71     89.75
     94.69     98.92    101.23    103.63    105.79    106.68    106.83   9999.00
   9999.00   9999.00   9999.00
   9999.00    128.83    128.75    128.27    127.50    126.69    125.82    124.87
    123.84    122.82    121.79    120.94    119.98    118.89    117.68    116.44
    115.12    113.74    112.43    111.08    109.64    108.15    106.59    105.08
    103.46    101.88    100.38     99.08     96.83     93.83     90.70     85.80
     79.95     76.07     75.97     76.45     79.16     83.63     88.15     92.47
     97.04    100.48    102.90    105.19    106.58    106.76    106.86   9999.00
   9999.00   9999.00   9999.00
   9999.00    129.59    129.54    129.33    128.63    127.79    126.96    126.03
    124.97    123.97    122.85    121.79    121.20    120.38    119.18    117.96
    116.66    114.96    113.61    112.55    111.20    109.49    107.61    105.97
    104.34    102.73    101.17     99.65     97.94     94.56     91.09     86.32
     80.12     76.35     77.13     79.67     83.39     87.68     91.46     95.41
     99.18    101.93    104.30    106.17    106.71    106.81    106.88   9999.00
   9999.00   9999.00   9999.00
   9999.00    129.74    129.62    129.55    129.36    128.78    128.07    127.29
    126.39    125.39    124.31    123.14    122.45    121.70    120.68    119.58
    118.48    116.94    115.32    114.38    113.14    111.13    108.83    106.69
    104.94    103.26    101.58     99.80     97.46     93.89     90.13     85.63
     81.39     79.15     81.09     84.50     88.44     91.90     94.87     98.22
    101.27    103.76    105.63    106.60    106.78    106.89   9999.00   9999.00
   9999.00   9999.00   9999.00
   9999.00    129.83    129.68    129.58    129.55    129.45    129.19    128.63
    127.85    127.00    126.00    124.95    123.96    123.00    122.13    121.29
    120.64    119.46    117.91    116.64    115.17    113.10    110.53    107.79
    105.60    103.65    101.66     99.56     96.58     92.62     87.91     84.04
     83.08     83.24     86.07     89.67     92.27     95.16     98.00    101.12
    104.20    105.92    106.58    106.80    106.90    107.00   9999.00   9999.00
   9999.00   9999.00   9999.00
   9999.00    129.87    129.74    129.64    129.60    129.58    129.57    129.49
    129.08    128.54    127.71    126.80    125.78    124.75    123.79    122.97
    122.42    121.62    120.44    119.05    117.16    114.88    112.36    109.33
    106.54    104.29    101.85     99.01     95.53     91.61     87.76     84.80
     84.79     87.14     90.78     93.53     95.89     98.49    101.48    104.53
    106.50    106.74    106.82    106.94    107.04   9999.00   9999.00   9999.00
   9999.00   9999.00   9999.00
   9999.00    129.88    129.76    129.71    129.67    129.65    129.62    129.59
    129.58    129.48    129.16    128.52    127.61    126.58    125.54    124.65
    123.83    123.02    122.21    121.30    119.38    116.75    114.07    111.18
    107.94    105.35    102.46     99.01     95.21     91.71     89.27     87.79
     88.36     91.37     94.88     97.44     99.65    102.33    105.34    106.50
    106.81    106.91    107.00    107.09   9999.00   9999.00   9999.00   9999.00
   9999.00   9999.00   9999.00
    130.10    129.92    129.80    129.77    129.74    129.72    129.70    129.68
    129.68    129.66    129.62    129.48    129.12    128.27    127.26    126.31
    125.40    124.46    123.55    122.68    121.45    119.04    116.07    113.04
    109.58    106.68    103.40     99.13     95.15     91.81     90.45     90.18
     91.32     94.57     98.11    100.64    103.31    105.83    106.77    106.92
    107.04    107.17    107.24   9999.00   9999.00   9999.00   9999.00   9999.00
   9999.00   9999.00   9999.00
   9999.00    129.90    129.85    129.86    129.85    129.79    129.78    129.78
    129.79    129.76    129.71    129.63    129.57    129.39    128.73    127.83
    126.94    125.98    124.96    123.88    122.76    121.37    118.56    114.94
    111.34    108.03    104.26     99.38     95.44     92.02     91.20     91.66
     93.49     96.72     99.80    103.09    105.97    106.83    107.08    107.24
    107.41    107.44    107.55   9999.00   9999.00   9999.00   9999.00   9999.00
   9999.00   9999.00   9999.00
   9999.00    129.94    129.88    129.89    129.91    129.88    129.86    129.89
    129.89    129.87    129.83    129.72    129.65    129.59    129.48    129.05
    128.37    127.37    126.26    125.05    123.79    122.57    121.10    117.09
    112.94    109.53    105.76    100.96     96.66     93.48     92.19     93.34
     95.32     97.71    100.94    104.74    106.67    106.95    107.30    107.56
    107.66   9999.00   9999.00   9999.00   9999.00   9999.00   9999.00   9999.00
   9999.00   9999.00   9999.00
   9999.00    130.05    129.97    129.96    129.95    129.93    129.93    129.96
    129.96    129.95    129.90    129.84    129.76    129.64    129.58    129.56
    129.40    128.55    127.27    126.00    124.65    123.19    122.04    118.77
    114.20    110.80    107.40    102.82     98.33     95.99     94.91     95.36
     96.40     98.01    101.47    105.64    106.79    107.06    107.44    107.73
   9999.00   9999.00   9999.00   9999.00   9999.00   9999.00   9999.00   9999.00
   9999.00   9999.00   9999.00
   9999.00   9999.00    130.12    130.08    130.10    130.03    130.01    130.07
    130.10    130.10    130.01    129.95    129.85    129.74    129.70    129.71
    129.65    129.15    127.81    126.58    125.41    123.75    122.26    119.46
    115.21    111.96    108.39    103.97     99.57     97.70     96.87     96.78
     97.30     98.39    101.75    105.97    106.95    107.23    107.48   9999.00
   9999.00   9999.00   9999.00   9999.00   9999.00   9999.00   9999.00   9999.00
   9999.00   9999.00   9999.00
   9999.00   9999.00    130.15    130.05    130.04    129.99    129.94    129.99
    130.04    130.12    130.12    130.10    129.99    129.90    129.87    129.84
    129.74    129.26    127.92    126.58    125.21    123.69    122.21    119.60
    115.81    112.45    108.64    104.41    100.44     98.54     97.96     97.77
     98.07     99.07    102.35    106.07    107.01    107.30   9999.00   9999.00
   9999.00   9999.00   9999.00   9999.00   9999.00   9999.00   9999.00   9999.00
   9999.00   9999.00   9999.00
   9999.00    130.09    129.97    129.90    129.87    129.88    129.85    129.87
    129.89    129.94    129.96    129.98    130.00    129.93    129.80    129.72
    129.66    129.05    127.49    125.99    124.50    123.05    121.39    118.41
    115.05    112.07    108.47    104.65    100.87     98.81     98.45     98.41
     98.68     99.52    102.68    105.91    106.85    107.01   9999.00   9999.00
   9999.00   9999.00   9999.00   9999.00   9999.00   9999.00   9999.00   9999.00
   9999.00   9999.00   9999.00
    130.18    130.00    129.86    129.83    129.84    129.84    129.82    129.79
    129.82    129.84    129.89    129.88    129.87    129.80    129.69    129.51
    129.04    127.79    126.26    124.79    123.39    121.80    119.67    117.12
    114.28    111.12    107.87    104.62    100.89     98.94     98.74     98.89
     99.04    100.13    102.80    105.47    106.67    106.86   9999.00   9999.00
   9999.00   9999.00   9999.00   9999.00   9999.00   9999.00   9999.00   9999.00
   9999.00   9999.00   9999.00
   9999.00    129.95    129.80    129.80    129.80    129.75    129.74    129.71
    129.72    129.72    129.75    129.74    129.70    129.66    129.45    128.79
    127.27    125.75    124.37    123.12    121.86    120.15    118.29    116.28
    113.99    110.41    107.00    104.07    100.72     99.00     98.92     99.05
     99.52    100.91    102.91    105.00    106.45   9999.00   9999.00   9999.00
   9999.00   9999.00   9999.00   9999.00   9999.00   9999.00   9999.00   9999.00
   9999.00   9999.00   9999.00
   9999.00    129.91    129.81    129.77    129.72    129.68    129.67    129.65
    129.62    129.62    129.59    129.57    129.38    129.00    128.13    126.72
    125.06    123.46    122.22    121.09    119.93    118.52    117.01    115.37
    112.95    109.37    106.44    103.77    100.93     99.23     99.10     99.27
     99.94    101.13    102.57    104.00   9999.00   9999.00   9999.00   9999.00
   9999.00   9999.00   9999.00   9999.00   9999.00   9999.00   9999.00   9999.00
   9999.00   9999.00   9999.00
   9999.00    129.85    129.80    129.75    129.70    129.65    129.60    129.58
    129.49    129.32    128.91    128.53    127.93    127.06    125.94    124.37
    122.72    121.15    119.83    118.64    117.69    116.77    115.66    114.38
    111.30    107.69    105.99    104.09    101.98    100.30     99.70     99.76
    100.06    100.79    101.87   9999.00   9999.00   9999.00   9999.00   9999.00
   9999.00   9999.00   9999.00   9999.00   9999.00   9999.00   9999.00   9999.00
   9999.00   9999.00   9999.00
   9999.00    129.78    129.74    129.69    129.68    129.65    129.59    129.51
    129.01    128.27    127.50    126.68    125.79    124.83    123.72    122.30
    120.36    118.57    117.25    116.04    115.45    115.02    114.06    111.95
    108.74    106.81    106.05    104.86    103.29    101.82    100.86    100.44
    100.33    100.68   9999.00   9999.00   9999.00   9999.00   9999.00   9999.00
   9999.00   9999.00   9999.00   9999.00   9999.00   9999.00   9999.00   9999.00
   9999.00   9999.00   9999.00
   9999.00    129.68    129.66    129.64    129.63    129.62    129.58    129.26
    128.28    127.21    126.07    124.87    123.69    122.67    121.50    119.90
    117.53    115.82    115.13    114.37    114.01    113.69    112.57    110.24
    107.29    106.60    106.43    105.89    104.76    103.28    102.13    101.47
   9999.00   9999.00   9999.00   9999.00   9999.00   9999.00   9999.00   9999.00
   9999.00   9999.00   9999.00   9999.00   9999.00   9999.00   9999.00   9999.00
   9999.00   9999.00   9999.00
   9999.00    129.59    129.61    129.62    129.60    129.58    129.52    128.91
    127.75    126.41    124.95    123.50    122.25    121.58    120.43    118.66
    116.12    114.41    114.29    114.19    113.94    113.42    112.22    110.39
    108.28    107.17    106.82    106.64    106.21    104.66    103.21   9999.00
   9999.00   9999.00   9999.00   9999.00   9999.00   9999.00   9999.00   9999.00
   9999.00   9999.00   9999.00   9999.00   9999.00   9999.00   9999.00   9999.00
   9999.00   9999.00   9999.00
   9999.00    129.56    129.57    129.58    129.57    129.55    129.51    128.85
    127.56    126.08    124.51    122.92    121.91    121.53    120.49    118.95
    117.10    115.25    114.38    114.23    114.09    113.54    112.25    110.81
    109.15    107.91    107.10    106.81    106.74    105.94   9999.00   9999.00
   9999.00   9999.00   9999.00   9999.00   9999.00   9999.00   9999.00   9999.00
   9999.00   9999.00   9999.00   9999.00   9999.00   9999.00   9999.00   9999.00
   9999.00   9999.00   9999.00
   9999.00    129.56    129.56    129.55    129.55    129.54    129.53    128.95
    127.66    126.24    124.78    123.36    122.22    121.75    120.92    119.83
    118.56    117.00    115.51    114.60    114.29    113.79    112.60    111.31
    110.00   9999.00   9999.00   9999.00   9999.00   9999.00   9999.00   9999.00
   9999.00   9999.00   9999.00   9999.00   9999.00   9999.00   9999.00   9999.00
   9999.00   9999.00   9999.00   9999.00   9999.00   9999.00   9999.00   9999.00
   9999.00   9999.00   9999.00
   9999.00   9999.00    129.55    129.55    129.55    129.55    129.54    129.01
    127.95    126.82    125.57    124.38    123.26    122.34    121.69    121.05
    120.25    118.90    117.38    115.91    114.77    114.14    113.11    111.83
   9999.00   9999.00   9999.00   9999.00   9999.00   9999.00   9999.00   9999.00
   9999.00   9999.00   9999.00   9999.00   9999.00   9999.00   9999.00   9999.00
   9999.00   9999.00   9999.00   9999.00   9999.00   9999.00   9999.00   9999.00
   9999.00   9999.00   9999.00
   9999.00   9999.00    129.56    129.55    129.55    129.55    129.54    129.21
    128.48    127.64    126.74    125.74    124.71    123.81    123.08    122.54
    121.93    120.81    119.33    117.77    116.30    115.03    114.02   9999.00
   9999.00   9999.00   9999.00   9999.00   9999.00   9999.00   9999.00   9999.00
   9999.00   9999.00   9999.00   9999.00   9999.00   9999.00   9999.00   9999.00
   9999.00   9999.00   9999.00   9999.00   9999.00   9999.00   9999.00   9999.00
   9999.00   9999.00   9999.00
   9999.00   9999.00    129.56    129.56    129.57    129.57    129.56    129.51
    129.26    128.77    128.07    127.22    126.23    125.29    124.42    123.67
    122.92    122.03    121.01    119.54    117.81    116.02   9999.00   9999.00
   9999.00   9999.00   9999.00   9999.00   9999.00   9999.00   9999.00   9999.00
   9999.00   9999.00   9999.00   9999.00   9999.00   9999.00   9999.00   9999.00
   9999.00   9999.00   9999.00   9999.00   9999.00   9999.00   9999.00   9999.00
   9999.00   9999.00   9999.00
   9999.00   9999.00    129.57    129.57    129.59    129.59    129.59    129.60
    129.59    129.49    129.24    128.66    127.61    126.46    125.47    124.45
    123.44    122.46    121.85    121.09   9999.00   9999.00   9999.00   9999.00
   9999.00   9999.00   9999.00   9999.00   9999.00   9999.00   9999.00   9999.00
   9999.00   9999.00   9999.00   9999.00   9999.00   9999.00   9999.00   9999.00
   9999.00   9999.00   9999.00   9999.00   9999.00   9999.00   9999.00   9999.00
   9999.00   9999.00   9999.00
   9999.00   9999.00   9999.00    129.61    129.65    129.65    129.66    129.68
    129.67    129.64    129.61    129.50    129.01    127.51    126.15    125.12
    123.88    122.74    122.14   9999.00   9999.00   9999.00   9999.00   9999.00
   9999.00   9999.00   9999.00   9999.00   9999.00   9999.00   9999.00   9999.00
   9999.00   9999.00   9999.00   9999.00   9999.00   9999.00   9999.00   9999.00
   9999.00   9999.00   9999.00   9999.00   9999.00   9999.00   9999.00   9999.00
   9999.00   9999.00   9999.00
   9999.00   9999.00   9999.00    129.67    129.70    129.71    129.75    129.78
    129.77    129.76    129.74    129.73    129.60   9999.00   9999.00   9999.00
   9999.00   9999.00   9999.00   9999.00   9999.00   9999.00   9999.00   9999.00
   9999.00   9999.00   9999.00   9999.00   9999.00   9999.00   9999.00   9999.00
   9999.00   9999.00   9999.00   9999.00   9999.00   9999.00   9999.00   9999.00
   9999.00   9999.00   9999.00   9999.00   9999.00   9999.00   9999.00   9999.00
   9999.00   9999.00   9999.00
   9999.00   9999.00   9999.00   9999.00    129.73    129.76    129.85    129.89
    129.89    129.91   9999.00   9999.00   9999.00   9999.00   9999.00   9999.00
   9999.00   9999.00   9999.00   9999.00   9999.00   9999.00   9999.00   9999.00
   9999.00   9999.00   9999.00   9999.00   9999.00   9999.00   9999.00   9999.00
   9999.00   9999.00   9999.00   9999.00   9999.00   9999.00   9999.00   9999.00
   9999.00   9999.00   9999.00   9999.00   9999.00   9999.00   9999.00   9999.00
   9999.00   9999.00   9999.00
   9999.00   9999.00   9999.00   9999.00    129.83    129.90    130.00   9999.00
   9999.00   9999.00   9999.00   9999.00   9999.00   9999.00   9999.00   9999.00
   9999.00   9999.00   9999.00   9999.00   9999.00   9999.00   9999.00   9999.00
   9999.00   9999.00   9999.00   9999.00   9999.00   9999.00   9999.00   9999.00
   9999.00   9999.00   9999.00   9999.00   9999.00   9999.00   9999.00   9999.00
   9999.00   9999.00   9999.00   9999.00   9999.00   9999.00   9999.00   9999.00
   9999.00   9999.00   9999.00
   9999.00   9999.00   9999.00   9999.00    129.94   9999.00   9999.00   9999.00
   9999.00   9999.00   9999.00   9999.00   9999.00   9999.00   9999.00   9999.00
   9999.00   9999.00   9999.00   9999.00   9999.00   9999.00   9999.00   9999.00
   9999.00   9999.00   9999.00   9999.00   9999.00   9999.00   9999.00   9999.00
   9999.00   9999.00   9999.00   9999.00   9999.00   9999.00   9999.00   9999.00
   9999.00   9999.00   9999.00   9999.00   9999.00   9999.00   9999.00   9999.00
   9999.00   9999.00   9999.00
