ORGANIZATION: NPS
DIGIT DATE:   
DIGIT NAME:   
MAP NAME:     
MAP DATE:     
MAP SCALE:    24000
OTHER INFO:   
ZONE:         7
WEST EDGE:       590000.00
EAST EDGE:       609000.00
SOUTH EDGE:     4914000.00
NORTH EDGE:     4928000.00
MAP THRESH:           0.00
VERTI:
L  11
   4921187.12    599590.95
   4921054.83    598962.58
   4920360.31    599078.33
   4920228.02    598449.96
   4919417.75    598102.70
   4919450.83    597110.53
   4918078.33    596978.24
   4918012.18    595903.39
   4916639.69    595820.71
   4916689.30    594696.26
   4915845.95    594580.50
L  8
   4921187.12    599590.95
   4920509.14    600235.86
   4919649.26    599888.60
   4919153.18    600483.90
   4918342.91    599855.53
   4917698.00    600880.77
   4916871.19    600120.10
   4916143.60    601194.95
L  9
   4921187.12    599590.95
   4921402.09    600616.19
   4922691.91    600401.22
   4921980.85    601558.75
   4923006.09    601128.81
   4921732.81    602683.20
   4920376.85    602302.87
   4919864.23    603510.01
   4920624.89    604270.67
L  7
   4921187.12    599590.95
   4922278.50    599061.79
   4923204.53    599971.28
   4924411.66    598483.03
   4925321.15    599557.88
   4925949.52    598383.81
   4926495.21    598317.67
L  8
   4921187.12    599590.95
   4921666.67    598301.13
   4922675.37    598135.77
   4922179.29    596630.98
   4923419.50    596002.61
   4922592.69    594960.84
   4923998.26    593885.99
   4924428.20    592662.32
l  7
   4924428.20    592662.32
   4925949.52    593174.93
   4925420.37    594497.82
   4926958.22    594795.47
   4926131.42    596019.15
   4927107.05    596614.45
   4924428.20    592662.32
L  9
   4924428.20    592662.32
   4923733.68    592315.06
   4922708.44    593307.22
   4921865.10    591405.57
   4921104.44    592579.63
   4919302.00    591703.22
   4918326.37    593075.72
   4916606.61    592910.36
   4915845.95    594580.50
L  8
   4916143.60    601194.95
   4915912.10    599938.21
   4916573.54    598879.90
   4915895.56    597738.90
   4916639.69    597093.99
   4915829.42    596630.98
   4915531.77    595671.89
   4915845.95    594580.50
L  7
   4920624.89    604270.67
   4919533.51    604270.67
   4918442.12    602848.56
   4917516.10    603311.58
   4917698.00    601823.32
   4916871.19    602567.45
   4916143.60    601194.95
L  9
   4926495.21    598317.67
   4926396.00    600731.94
   4924395.13    600616.19
   4926114.88    602699.74
   4923502.18    602898.17
   4924047.87    604965.19
   4922609.23    604187.99
   4921782.42    605577.02
   4920624.89    604270.67
L  8
   4924428.20    592662.32
   4926164.49    592959.97
   4925089.64    593968.67
   4926131.42    594398.61
   4925899.91    596052.22
   4926792.86    596664.06
   4925056.57    597308.96
   4926495.21    598317.67
