#430 first color
255 255 255
255 63 64
255 70 57
255 76 51
254 83 46
252 90 40
250 97 35
248 104 30
246 111 26
243 118 21
239 126 18
236 133 14
231 140 11
227 147 8
222 154 6
217 162 4
212 168 2
206 175 1
201 182 0
195 188 0
188 195 0
182 201 0
175 206 1
168 212 2
162 217 4
154 222 6
147 227 8
140 231 11
133 236 14
126 239 18
118 243 21
111 246 26
104 248 30
97 250 35
90 252 40
83 254 46
76 255 51
70 255 57
64 255 63
57 255 70
51 255 76
46 254 83
40 252 90
35 250 97
30 248 104
26 246 111
21 243 118
18 239 126
14 236 133
11 231 140
8 227 147
6 222 154
4 217 162
2 212 168
1 206 175
0 201 182
0 195 188
0 188 195
0 182 201
1 175 206
2 168 212
4 162 217
6 154 222
8 147 227
11 140 231
14 133 236
18 126 239
21 118 243
26 111 246
30 104 248
35 97 250
40 90 252
46 83 254
51 76 255
57 70 255
63 64 255
70 57 255
76 51 255
83 46 254
90 40 252
97 35 250
104 30 248
111 26 246
118 21 243
126 18 239
133 14 236
140 11 231
147 8 227
154 6 222
162 4 217
168 2 212
175 1 206
182 0 201
188 0 195
195 0 188
201 0 182
206 1 175
212 2 168
217 4 162
222 6 154
227 8 147
231 11 140
236 14 133
239 18 126
243 21 118
246 26 111
248 30 104
250 35 97
252 40 90
254 46 83
255 51 76
255 57 70
