0001    11
DSIG   48     TTD PROTOTYPE       00187128712871231851215
****    0
0001    12
DSSG   30U        DOD USE ONLY         
****    0
0001    13
DSPG   88GEOSEC0.001WGE  M1.000 MSL MLW0310000000-97446000031000000N097450000W31
150000N097300000W
****    0
0001    14
DSTG   11606 470 232
****    0
0001    15
DSCG    5215 0
****    0
0001    16
EDGI   892 448 1121762 205237 201 1140614 232000 231 1524 0 217 1525 1055 1526 0
 216 1527 1054 110
IDLS    0
IDLS    0
COOL 20891121762 205684 223 1122591 205369 222 1123001 205346 221 1123008 205346
 221 1124001 205292 215 1124008 205292 215 1125001 205237 214 1125008 205237 214
 1125013 205237 214 1125564 205320 213 1125810 205571 213 1125825 205975 214 112
5826 206000 214 1125863 206975 217 1125864 207000 217 1125900 207975 217 1125901
 208000 217 1125938 208975 216 1125939 209000 216 1125975 209975 213 1125976 210
000 213 1125986 210268 213 1125987 210975 211 1125987 211000 211 1125987 211975 
207 1125987 212000 207 1125988 212975 206 1125988 213000 206 1125989 213975 206 
1125989 214000 206 1125989 214300 206 1126001 214357 206 1126008 214391 206 1126
130 214975 206 1126135 215000 206 1126338 215975 206 1126343 216000 206 1126547 
216975 206 1126552 217000 206 1126572 217097 206 1126821 217551 207 1126923 2179
75 207 1126929 218000 207 1127001 218299 208 1127008 218328 208 1127164 218975 2
09 1127170 219000 209 1127369 219829 212 1127445 219975 213 1127458 220000 213 1
127968 220975 219 1127981 221000 219 1128001 221039 219 1128008 221052 219 11284
90 221975 226 1128503 222000 226 1128581 222149 227 1129001 222736 230 1129008 2
22746 230 1129117 222899 231 1129203 222975 231 1129231 223000 231 1129962 22364
2 228 1130001 223648 228 1130008 223649 228 1131001 223806 223 1131008 223807 22
3 1132001 223963 219 1132008 223964 219 1132078 223975 218 1132237 224000 218 11
32720 224076 215 1133001 224100 213 1133008 224101 213 1134001 224186 210 113400
8 224187 210 1134700 224247 208 1135001 224378 207 1135008 224381 207 1135641 22
4657 205 1135946 224975 204 1135970 225000 204 1136001 225033 204 1136008 225040
 204 1136579 225636 203 1136844 225975 202 1136864 226000 202 1137001 226176 202
 1137008 226185 202 1137625 226975 203 1137645 227000 203 1138001 227457 202 113
8008 227466 202 1138170 227673 202 1138343 227975 202 1138357 228000 202 1138916
 228975 201 1138930 229000 201 1139001 229123 201 1139008 229135 201 1139489 229
975 201 1139503 230000 201 1140001 230868 201 1140008 230880 201 1140037 230931 
201 1140061 230975 201 1140075 231000 201 1140581 231933 201 1140602 231975 201 
1140614 232000 201
****    0
0001    17
EDGI   892 449 1123001 226803 201 1143998 241625 245 1525 0 217 1528 1056 1529 0
 216 1526 1055 110
IDLS    0
IDLS    0
COOL 20891140614 232000 201 1141001 232776 201 1141008 232790 201 1141100 232975
 201 1141112 233000 201 1141599 233975 201 1141611 234000 201 1142001 234782 206
 1142008 234796 206 1142097 234975 207 1142109 235000 207 1142329 235440 207 114
2602 235975 207 1142615 236000 207 1143001 236755 207 1143008 236769 207 1143113
 236975 207 1143126 237000 207 1143624 237975 209 1143637 238000 209 1143998 238
706 211 1143926 238975 211 1143919 239000 211 1143828 239338 211 1143008 239511 
209 1143001 239512 209 1142008 239723 207 1142001 239724 207 1141008 239934 207 
1141001 239935 207 1140812 239974 207 1140690 240000 207 1140008 240145 207 1140
001 240146 207 1139224 240310 210 1139008 240369 211 1139001 240371 211 1138008 
240641 214 1138001 240643 214 1137008 240912 219 1137001 240914 219 1136780 2409
75 220 1136686 241000 221 1136578 241029 222 1136008 241138 226 1136001 241139 2
26 1135008 241329 232 1135001 241330 232 1134008 241521 236 1134001 241522 236 1
133461 241625 237 1133008 241542 238 1133001 241541 238 1132330 241417 238 11320
35 241000 238 1132017 240974 238 1132008 240962 238 1132001 240952 238 1131582 2
40359 235 1131406 240000 233 1131394 239975 233 1131008 239189 230 1131001 23917
5 230 1130915 239000 229 1130903 238975 229 1130425 238000 227 1130413 237975 22
7 1130008 237150 226 1130001 237136 226 1129934 237000 226 1129922 236975 226 11
29444 236000 229 1129432 235975 230 1129346 235800 231 1129008 235018 238 112900
1 235001 238 1129000 235000 238 1128990 234975 238 1128569 234000 242 1128558 23
3975 242 1128137 233000 244 1128126 232975 244 1128008 232703 244 1128001 232687
 244 1127705 232000 244 1127694 231975 244 1127273 231000 245 1127262 230975 245
 1127008 230388 244 1127001 230372 244 1126841 230000 244 1126830 229975 244 112
6463 229126 244 1126368 229000 244 1126349 228975 244 1126008 228524 244 1126001
 228515 244 1125744 228175 244 1125621 228000 244 1125603 227975 244 1125140 227
321 244 1125008 227246 244 1125001 227242 244 1124573 227000 244 1124529 226975 
244 1124225 226803 244 1124008 226819 244 1124001 226820 244 1123008 226893 238 
1123001 226894 238
****    0


0001    3612
NODI   293 1054 0 1121762 205684 223 0
IDLS    0
****    0
0001    3613
NODI   293 1055 0 1140614 232000 201 0
IDLS    0
****    0
0001    3614
NODI   293 1056 0 1123001 226894 238 0
IDLS    0
****    0
0001    3615
NODI   293 1057 0 1204719 237894 244 0
IDLS    0



FACI   764 216 -2000000000 -2000000000 2000000000 2000000000 2000000000 -2000000
000 0
IDLS    0
****    0
0001    41083
FACI   454 217 1117169 205237 201 1143998 241625 245 1
IDLS    3213
****    0
0001    41084
FACI   454 218 1155447 233888 218 1205994 246865 247 1
IDLS    3214
****    0
0001    41085
FACI   454 219 1259358 100811 152 1321500 134914 210 1
IDLS    3215
****    0
0001    41086
FACI   434 220 429422 450221 240 452879 522636 257 1
IDLS    11
****    0



FCIN   505 1 429422 450221 240 452879 522636 257 1L020 11 2
ATTL  108ARA 3 0.000000 WID 2 0 pua 1 4 pcm 1 11 bpc 1 2 usp 1 1 ph3 1 2 ph2 1 1
 PHT 2 7 NAM 4 HARKER HEIGHTS ar1 1 1
RELH    9220 1 0 3
****    0
0001    41315
FCIN   505 2 516439 459863 226 538428 510829 239 1L020 11 2
ATTL  107ARA 3 0.000000 WID 2 0 pua 1 4 pcm 1 5 bpc 1 2 usp 1 1 ph3 1 1 ph2 1 1 
PHT 2 3 NAM 4 HARKER HEIGHTS ar1 1 1
RELH    9221 1 0 3
****    0
0001    41316
FCIN   505 3 418183 408662 236 516811 518300 269 1L020 11 2
ATTL  107ARA 3 0.000000 WID 2 0 pua 1 4 pcm 1 1 bpc 1 2 usp 1 1 ph3 1 2 ph2 1 1 
PHT 2 7 NAM 4 HARKER HEIGHTS ar1 1 1
RELH    9223 1 0 3
****    0
0001    41317
FCIN   505 4 447626 443722 239 459854 454487 246 1L020 11 2
ATTL  108ARA 3 0.000000 WID 2 0 pua 1 3 pcm 1 1 bpc 1 2 usp 1 1 ph3 1 3 ph2 1 2 
PHT 2 13 NAM 4 HARKER HEIGHTS ar1 1 1
RELH    9224 1 0 3
****    0



0001    41525
FCIN   545 212 1304613 219290 192 1337652 246325 226 1L020 11 2
ATTL   94ARA 3 0.000000 WID 2 0 pua 1 4 pcm 1 1 bpc 1 2 usp 1 1 ph3 1 2 ph2 1 1 
PHT 2 7 NAM 4 1 ar1 1 1
RELH    9447 1 0 3
****    0
0001    41526
FCIN   545 213 1117169 205237 201 1143998 241625 245 1L020 11 2
ATTL  104ARA 3 0.000000 WID 2 0 pua 1 4 pcm 1 1 bpc 1 2 usp 1 6 ph3 1 2 ph2 1 1 
PHT 2 7 NAM 4 THE NARROWS ar1 1 1
RELH    9217 1 0 3
****    0
0001    41527
FCIN   545 214 1155447 233888 218 1205994 246865 247 1L020 11 2
ATTL   95ARA 3 0.000000 WID 2 0 pua 1 4 pcm 1 10 bpc 1 2 usp 1 1 ph3 1 2 ph2 1 1
 PHT 2 7 NAM 4 1 ar1 1 1
RELH    9218 1 0 3
****    0
0001    41528
FCIN   545 215 1259358 100811 152 1321500 134914 210 1L020 11 2
ATTL  117ARA 3 0.000000 WID 2 0 pua 1 3 pcm 1 12 bpc 1 2 usp 1 1 ph3 1 14 ph2 1 
7 PHT 2 65 NAM 4 STILLHOUSE HOLLOW DAM ar1 1 1
RELH    9219 1 0 3
****    0
