ORGANIZATION: NWS
DIGIT DATE:   JUN 3
DIGIT NAME:   ABRFC BOUNDARY
MAP NAME:     ABRFC BOUNDARY
MAP DATE:     06-03-93
MAP SCALE:    2147483647
OTHER INFO:   Created by Nalneesh Gaur
ZONE:         0
WEST EDGE:    -130
EAST EDGE:    -65
SOUTH EDGE:   20
NORTH EDGE:   50
MAP THRESH:   1636382.539014
VERTI:
A  1169
 39.3234      -106.435    
 39.3352      -106.433    
 39.3537      -106.433    
 39.3721      -106.435    
 39.3805      -106.412    
 39.3805      -106.385    
 39.3621      -106.356    
 39.3637      -106.314    
 39.3637      -106.289    
 39.3721      -106.264    
 39.3805      -106.206    
 39.3805      -106.135    
 39.3721      -106.162    
 39.3453      -106.143    
 39.3301      -106.164    
 39.3133      -106.187    
 39.2512      -106.191    
 39.2344      -106.189    
 39.2125      -106.189    
 39.189       -106.191    
 39.1453      -106.191    
 39.1319      -106.193    
 39.1218      -106.212    
 39.0932      -106.17     
 39.0731      -106.185    
 39.0596      -106.193    
 39.0445      -106.189    
 39.0344      -106.193    
 39.0244      -106.193    
 39.0193      -106.187    
 39.0126      -106.172    
 38.9992      -106.158    
 38.9908      -106.116    
 38.9437      -106.116    
 38.9219      -106.053    
 38.9269      -106.037    
 38.932       -106.014    
 38.9202      -105.995    
 38.9135      -105.972    
 38.8933      -105.972    
 38.8883      -105.941    
 38.8715      -105.932    
 38.853       -105.945    
 38.8093      -105.924    
 38.8211      -105.874    
 38.7892      -105.769    
 38.7589      -105.73     
 38.7606      -105.713    
 38.7589      -105.703    
 38.7673      -105.701    
 38.7824      -105.699    
 38.7992      -105.68     
 38.811       -105.701    
 38.8211      -105.655    
 38.853       -105.632    
 38.8278      -105.598    
 38.8093      -105.561    
 38.8295      -105.461    
 38.8715      -105.413    
 38.8916      -105.312    
 38.8715      -105.292    
 38.9017      -105.156    
 38.8916      -105.141    
 38.9135      -105.12     
 38.9908      -105.056    
 38.9908      -105.022    
 39.0193      -105.022    
 39.0815      -105.043    
 39.0932      -104.968    
 39.1084      -104.939    
 39.1218      -104.92     
 39.1201      -104.851    
 39.0832      -104.803    
 39.0832      -104.755    
 39.0412      -104.73     
 39.0311      -104.682    
 39.0412      -104.636    
 39.0378      -104.609    
 39.0647      -104.578    
 39.0815      -104.53     
 39.0832      -104.494    
 39.0798      -104.465    
 39.0916      -104.438    
 39.1218      -104.413    
 39.1117      -104.394    
 39.1336      -104.342    
 39.1336      -104.311    
 39.1604      -104.238    
 39.1604      -104.171    
 39.2125      -104.071    
 39.2092      -104.025    
 39.273       -103.979    
 39.3066      -103.977    
 39.3117      -103.927    
 39.3217      -103.919    
 39.3201      -103.881    
 39.352       -103.879    
 39.3621      -103.85     
 39.3621      -103.829    
 39.3805      -103.8      
 39.3738      -103.756    
 39.3721      -103.687    
 39.3301      -103.61     
 39.3066      -103.61     
 39.2461      -103.447    
 39.2226      -103.351    
 39.1403      -103.305    
 39.1201      -103.267    
 39.0815      -103.242    
 39.0412      -103.13     
 39.0311      -102.971    
 39.0529      -102.831    
 38.9992      -102.756    
 38.9891      -102.689    
 38.9706      -102.666    
 38.9622      -102.614    
 38.9202      -102.562    
 38.8916      -102.489    
 38.8732      -102.535    
 38.7623      -102.562    
 38.7119      -102.512    
 38.7001      -102.466    
 38.7304      -102.351    
 38.6615      -102.126    
 38.6581      -102.047    
 38.6514      -101.851    
 38.6127      -101.715    
 38.5808      -101.573    
 38.5304      -101.467    
 38.5304      -100.97     
 38.5405      -100.882    
 38.5724      -100.805    
 38.5808      -100.674    
 38.5993      -100.619    
 38.6127      -100.463    
 38.6413      -100.375    
 38.6413      -100.183    
 38.6514      -100.098    
 38.6379      -100.012    
 38.6312      -99.9662    
 38.6413      -99.8785    
 38.6615      -99.8493    
 38.6615      -99.7637    
 38.6245      -99.6928    
 38.5607      -99.601     
 38.5405      -99.5843    
 38.5472      -99.5592    
 38.5724      -99.5008    
 38.559       -99.4841    
 38.5607      -99.4236    
 38.5825      -99.4132    
 38.5791      -99.3443    
 38.5892      -99.288     
 38.5808      -99.2087    
 38.6027      -99.1899    
 38.5909      -99.1335    
 38.5607      -99.1106    
 38.5607      -99.0626    
 38.601       -99.0563    
 38.5993      -99.0209    
 38.6195      -99.0146    
 38.6396      -98.9875    
 38.6127      -98.9123    
 38.6195      -98.8873    
 38.601       -98.8539    
 38.6094      -98.8163    
 38.6413      -98.8017    
 38.6312      -98.7683    
 38.643       -98.7537    
 38.6396      -98.6932    
 38.643       -98.6077    
 38.6295      -98.5722    
 38.6211      -98.5492    
 38.6379      -98.5075    
 38.6598      -98.4345    
 38.6531      -98.3927    
 38.6295      -98.3573    
 38.6228      -98.3343    
 38.5607      -98.2717    
 38.5607      -98.2028    
 38.5422      -98.1799    
 38.5304      -98.1694    
 38.5523      -98.1381    
 38.5287      -98.0943    
 38.5203      -98.038     
 38.48        -98.0109    
 38.4699      -97.9482    
 38.4027      -97.894     
 38.3708      -97.8627    
 38.3792      -97.8356    
 38.4128      -97.8105    
 38.4313      -97.7458    
 38.4313      -97.6603    
 38.4531      -97.629     
 38.4615      -97.581     
 38.4212      -97.5121    
 38.4095      -97.4662    
 38.3809      -97.437     
 38.3809      -97.4224    
 38.3792      -97.4099    
 38.3826      -97.4015    
 38.391       -97.4182    
 38.4095      -97.4224    
 38.433       -97.4119    
 38.4767      -97.3973    
 38.517       -97.3953    
 38.5674      -97.3953    
 38.5909      -97.3452    
 38.5892      -97.3097    
 38.601       -97.3076    
 38.5892      -97.268     
 38.5674      -97.245     
 38.5472      -97.2158    
 38.5405      -97.1949    
 38.5707      -97.1908    
 38.5707      -97.1511    
 38.559       -97.1177    
 38.5825      -97.0739    
 38.5607      -97.0509    
 38.5489      -97.0009    
 38.5506      -96.9863    
 38.5842      -96.9549    
 38.5909      -96.9383    
 38.5707      -96.8903    
 38.6195      -96.8903    
 38.643       -96.8673    
 38.643       -96.8506    
 38.6598      -96.8297    
 38.6699      -96.8026    
 38.6867      -96.8047    
 38.7136      -96.8089    
 38.8127      -96.74      
 38.8429      -96.667     
 38.8698      -96.6357    
 38.8732      -96.596     
 38.8614      -96.5772    
 38.8698      -96.5626    
 38.8614      -96.5397    
 38.8732      -96.5063    
 38.8631      -96.4207    
 38.8513      -96.3894    
 38.8429      -96.3581    
 38.811       -96.3623    
 38.8177      -96.3331    
 38.8228      -96.3164    
 38.8312      -96.2788    
 38.8312      -96.2642    
 38.8312      -96.2454    
 38.8211      -96.2288    
 38.8211      -96.1995    
 38.7892      -96.2141    
 38.7808      -96.2037    
 38.7606      -96.2288    
 38.7404      -96.1995    
 38.7018      -96.2267    
 38.7018      -96.1995    
 38.6716      -96.1995    
 38.6514      -96.1974    
 38.6262      -96.1599    
 38.5909      -96.1265    
 38.5791      -96.1077    
 38.5691      -96.0973    
 38.5422      -96.0952    
 38.5203      -96.066     
 38.5103      -96.0389    
 38.4867      -96.0055    
 38.4615      -95.9491    
 38.3893      -95.9804    
 38.4111      -95.9491    
 38.4128      -95.874     
 38.3977      -95.8427    
 38.3792      -95.8218    
 38.3607      -95.8177    
 38.3624      -95.7613    
 38.3406      -95.7154    
 38.3406      -95.6862    
 38.3725      -95.6403    
 38.3691      -95.6111    
 38.3624      -95.5902    
 38.3523      -95.5693    
 38.3406      -95.5839    
 38.3238      -95.5839    
 38.2986      -95.5819    
 38.2583      -95.5819    
 38.2583      -95.5568    
 38.2331      -95.5339    
 38.2095      -95.5401    
 38.1877      -95.5297    
 38.1608      -95.5297    
 38.1591      -95.4963    
 38.1188      -95.4337    
 38.1003      -95.4128    
 38.1087      -95.3815    
 38.0886      -95.369     
 38.1154      -95.3398    
 38.1423      -95.3189    
 38.1507      -95.3022    
 38.139       -95.2793    
 38.1507      -95.2334    
 38.1205      -95.1603    
 38.0902      -95.1916    
 38.0802      -95.2334    
 38.0634      -95.2188    
 38.0113      -95.2313    
 37.981       -95.2062    
 37.9508      -95.2083    
 37.9273      -95.1791    
 37.9222      -95.1687    
 37.9155      -95.152     
 37.8517      -95.1457    
 37.8298      -95.1436    
 37.8097      -95.1624    
 37.7778      -95.1457    
 37.7593      -95.1102    
 37.7391      -95.0497    
 37.7324      -95.0143    
 37.7105      -95.0226    
 37.6921      -95.0268    
 37.6702      -95.0226    
 37.6702      -94.9934    
 37.6702      -94.9725    
 37.6719      -94.9329    
 37.6299      -94.912     
 37.6165      -94.8849    
 37.603       -94.8452    
 37.5896      -94.8118    
 37.5694      -94.7409    
 37.5711      -94.7117    
 37.5106      -94.6783    
 37.5022      -94.6449    
 37.4905      -94.6199    
 37.4905      -94.6094    
 37.4905      -94.5886    
 37.4955      -94.5739    
 37.4989      -94.5447    
 37.5022      -94.528     
 37.5005      -94.5113    
 37.4921      -94.478     
 37.5308      -94.4487    
 37.5308      -94.4133    
 37.5308      -94.3861    
 37.5425      -94.3298    
 37.5409      -94.3006    
 37.5711      -94.286     
 37.5879      -94.263     
 37.5896      -94.2401    
 37.5896      -94.2046    
 37.5812      -94.1983    
 37.5543      -94.1962    
 37.5308      -94.2129    
 37.5308      -94.2004    
 37.5241      -94.1775    
 37.5005      -94.1357    
 37.5005      -94.0982    
 37.4653      -94.0731    
 37.4468      -94.0731    
 37.4283      -94.071     
 37.4283      -94.0418    
 37.4165      -94.0335    
 37.3997      -94.0001    
 37.3745      -93.9896    
 37.3393      -93.9604    
 37.3325      -93.9521    
 37.3124      -93.9479    
 37.2737      -93.9625    
 37.267       -93.9709    
 37.2519      -93.9104    
 37.2384      -93.8728    
 37.2116      -93.8498    
 37.2116      -93.7935    
 37.1914      -93.7789    
 37.1494      -93.7601    
 37.1376      -93.7309    
 37.1007      -93.7163    
 37.0923      -93.6558    
 37.0788      -93.6307    
 37.0452      -93.6161    
 37.0083      -93.5994    
 36.9948      -93.6057    
 36.9898      -93.6245    
 36.9814      -93.6579    
 36.9915      -93.6933    
 36.9713      -93.7163    
 36.9108      -93.7309    
 36.9125      -93.8185    
 36.8924      -93.8519    
 36.8621      -93.8916    
 36.8218      -93.9354    
 36.7378      -93.9208    
 36.6891      -93.9542    
 36.6723      -93.9771    
 36.6319      -93.9792    
 36.5916      -94.0105    
 36.5698      -93.9771    
 36.5278      -93.9479    
 36.4975      -93.9396    
 36.4908      -93.9333    
 36.4623      -93.9792    
 36.4421      -93.9521    
 36.4219      -93.9479    
 36.4001      -93.9813    
 36.4118      -94.0105    
 36.4018      -94.0836    
 36.3396      -94.1253    
 36.311       -94.1253    
 36.2707      -94.1315    
 36.2405      -94.1128    
 36.2035      -94.1023    
 36.1632      -94.071     
 36.1447      -94.0669    
 36.1078      -94.0815    
 36.0809      -94.1086    
 36.0624      -94.2004    
 36.0372      -94.2296    
 36.0103      -94.2275    
 35.9952      -94.215     
 35.9717      -94.2004    
 35.9599      -94.2317    
 35.9062      -94.2338    
 35.8994      -94.2401    
 35.891       -94.1983    
 35.8574      -94.2004    
 35.8104      -94.1983    
 35.8205      -94.1524    
 35.7969      -94.1378    
 35.7919      -94.1086    
 35.8104      -94.1023    
 35.8305      -94.0502    
 35.8121      -94.021     
 35.8104      -93.9834    
 35.7902      -93.9834    
 35.7919      -93.9521    
 35.7583      -93.9187    
 35.7533      -93.9187    
 35.7432      -93.9083    
 35.7197      -93.9083    
 35.7213      -93.8749    
 35.7415      -93.8477    
 35.7516      -93.8269    
 35.7482      -93.7956    
 35.7398      -93.7538    
 35.7617      -93.7518    
 35.7717      -93.733     
 35.7717      -93.7163    
 35.7734      -93.7038    
 35.7734      -93.6871    
 35.7801      -93.6579    
 35.8003      -93.6599    
 35.8121      -93.614     
 35.8423      -93.5994    
 35.8305      -93.5848    
 35.8406      -93.5598    
 35.8541      -93.5368    
 35.8725      -93.5285    
 35.8557      -93.5285    
 35.8188      -93.5326    
 35.8205      -93.5118    
 35.807       -93.5034    
 35.7801      -93.5013    
 35.7801      -93.47      
 35.7936      -93.4554    
 35.802       -93.4367    
 35.8289      -93.4116    
 35.8305      -93.3782    
 35.8389      -93.3594    
 35.849       -93.324     
 35.8356      -93.2822    
 35.8221      -93.2551    
 35.8104      -93.2363    
 35.8121      -93.2134    
 35.8121      -93.1904    
 35.8121      -93.1612    
 35.8121      -93.1341    
 35.7953      -93.1257    
 35.7936      -93.1195    
 35.7801      -93.1174    
 35.7785      -93.0882    
 35.7701      -93.0798    
 35.7533      -93.0882    
 35.7197      -93.1028    
 35.723       -93.0715    
 35.7398      -93.059     
 35.7415      -93.0339    
 35.7264      -93.0193    
 35.7213      -93.0005    
 35.7297      -92.9838    
 35.7197      -92.9713    
 35.7113      -92.9838    
 35.6793      -92.988     
 35.6609      -92.9713    
 35.6877      -92.9463    
 35.7314      -92.9296    
 35.7398      -92.8837    
 35.7684      -92.8732    
 35.7717      -92.8607    
 35.7465      -92.8378    
 35.7213      -92.8378    
 35.7129      -92.8503    
 35.6709      -92.8628    
 35.6625      -92.8148    
 35.6609      -92.7898    
 35.6491      -92.7793    
 35.639       -92.7814    
 35.6273      -92.8023    
 35.6088      -92.8085    
 35.592       -92.8023    
 35.5819      -92.8231    
 35.5668      -92.8419    
 35.5298      -92.8544    
 35.5365      -92.8294    
 35.5399      -92.8127    
 35.5315      -92.796     
 35.5315      -92.7376    
 35.5298      -92.7       
 35.5433      -92.6833    
 35.5265      -92.6708    
 35.5013      -92.6186    
 35.513       -92.5873    
 35.5013      -92.5414    
 35.4811      -92.5414    
 35.4693      -92.5164    
 35.4424      -92.483     
 35.4357      -92.4621    
 35.4492      -92.46      
 35.4542      -92.4371    
 35.4643      -92.4141    
 35.4744      -92.4141    
 35.4929      -92.3849    
 35.5097      -92.3599    
 35.5029      -92.3328    
 35.4929      -92.3181    
 35.5013      -92.2701    
 35.5097      -92.2535    
 35.5013      -92.1929    
 35.5113      -92.17      
 35.5029      -92.1533    
 35.4895      -92.1533    
 35.4828      -92.1825    
 35.4525      -92.1721    
 35.4626      -92.1095    
 35.4609      -92.0949    
 35.4626      -92.0761    
 35.4593      -92.0615    
 35.4458      -92.0531    
 35.4357      -92.0385    
 35.3971      -92.0657    
 35.3786      -92.0406    
 35.34        -91.9989    
 35.2896      -92.0343    
 35.2912      -92.0698    
 35.2526      -92.0823    
 35.1703      -92.0677    
 35.13        -92.1596    
 35.1232      -92.2159    
 35.1199      -92.2284    
 35.1064      -92.2284    
 35.0913      -92.2305    
 35.0913      -92.2535    
 35.0712      -92.2535    
 35.0611      -92.2326    
 35.0426      -92.2305    
 35.0409      -92.1804    
 35.0308      -92.1616    
 35.0208      -92.1596    
 35.0208      -92.2159    
 35.0006      -92.2848    
 34.9703      -92.2848    
 34.9401      -92.2555    
 34.9099      -92.2848    
 34.8611      -92.291     
 34.8427      -92.3119    
 34.8309      -92.3119    
 34.8309      -92.291     
 34.8107      -92.2535    
 34.799       -92.243     
 34.7923      -92.2305    
 34.7805      -92.2076    
 34.7788      -92.1929    
 34.7704      -92.1554    
 34.7704      -92.1241    
 34.715       -92.1241    
 34.6982      -92.1408    
 34.6696      -92.1387    
 34.6562      -92.1449    
 34.6394      -92.1533    
 34.631       -92.1387    
 34.6209      -92.1366    
 34.6108      -92.1533    
 34.594       -92.1429    
 34.5705      -92.099     
 34.552       -92.0949    
 34.5486      -92.0677    
 34.5318      -92.0657    
 34.4949      -92.0698    
 34.4613      -92.0636    
 34.4226      -92.0719    
 34.4126      -92.0677    
 34.3907      -92.0636    
 34.3571      -92.0636    
 34.3487      -92.0364    
 34.3386      -92.0343    
 34.3235      -92.0343    
 34.3067      -91.9968    
 34.2899      -91.9989    
 34.3         -92.0218    
 34.2983      -92.0448    
 34.3118      -92.1011    
 34.3487      -92.1366    
 34.3638      -92.1616    
 34.3991      -92.17      
 34.4126      -92.2138    
 34.4411      -92.2305    
 34.431       -92.2493    
 34.4294      -92.2701    
 34.4798      -92.291     
 34.4915      -92.3599    
 34.5201      -92.3724    
 34.5386      -92.387     
 34.5503      -92.3912    
 34.5503      -92.4183    
 34.5823      -92.4308    
 34.6007      -92.458     
 34.5957      -92.4767    
 34.589       -92.4913    
 34.6007      -92.5039    
 34.6377      -92.5018    
 34.6495      -92.5101    
 34.6965      -92.5435    
 34.6982      -92.5623    
 34.7183      -92.5665    
 34.72        -92.5602    
 34.7335      -92.5769    
 34.762       -92.5769    
 34.7603      -92.6395    
 34.8007      -92.652     
 34.8007      -92.6792    
 34.8511      -92.6646    
 34.8208      -92.7209    
 34.8208      -92.7522    
 34.8309      -92.7522    
 34.8359      -92.7856    
 34.841       -92.7981    
 34.8544      -92.7981    
 34.8611      -92.844     
 34.8511      -92.9004    
 34.8494      -92.9212    
 34.8427      -92.9734    
 34.8326      -93.0256    
 34.8242      -93.0381    
 34.8107      -93.061     
 34.7906      -93.059     
 34.7872      -93.0736    
 34.7805      -93.0777    
 34.762       -93.1174    
 34.7687      -93.1466    
 34.7805      -93.1487    
 34.7587      -93.2509    
 34.7805      -93.2635    
 34.7805      -93.3114    
 34.7704      -93.3469    
 34.7704      -93.3699    
 34.7771      -93.3824    
 34.7822      -93.4012    
 34.7788      -93.4387    
 34.7956      -93.4387    
 34.8007      -93.4408    
 34.8057      -93.445     
 34.8107      -93.4617    
 34.8175      -93.468     
 34.8259      -93.468     
 34.841       -93.4805    
 34.8595      -93.468     
 34.8611      -93.4721    
 34.8595      -93.5118    
 34.8292      -93.5097    
 34.8091      -93.5619    
 34.7805      -93.6224    
 34.7788      -93.6599    
 34.7721      -93.6829    
 34.7637      -93.6954    
 34.7587      -93.7058    
 34.7519      -93.7267    
 34.7318      -93.7497    
 34.7217      -93.7705    
 34.7099      -93.8373    
 34.7083      -93.877     
 34.7217      -93.8937    
 34.72        -93.9208    
 34.7486      -93.9813    
 34.6679      -94.023     
 34.6797      -94.0731    
 34.6797      -94.0961    
 34.6898      -94.1211    
 34.6797      -94.1712    
 34.6679      -94.1858    
 34.6797      -94.2171    
 34.678       -94.2338    
 34.6881      -94.2735    
 34.6696      -94.3173    
 34.631       -94.2568    
 34.6007      -94.2735    
 34.589       -94.2547    
 34.5302      -94.2442    
 34.4898      -94.1983    
 34.4579      -94.119     
 34.4495      -94.0648    
 34.4394      -94.0126    
 34.4226      -94.023     
 34.4109      -94.0126    
 34.3974      -94.0251    
 34.389       -94.0293    
 34.3571      -94.0543    
 34.3806      -94.0022    
 34.3605      -93.9876    
 34.3487      -93.9813    
 34.3403      -93.975     
 34.3185      -93.9625    
 34.3084      -93.95      
 34.2933      -93.9479    
 34.2614      -93.95      
 34.2513      -93.9375    
 34.2143      -93.9688    
 34.1807      -93.95      
 34.1656      -93.95      
 34.1538      -93.9521    
 34.1404      -93.9521    
 34.1303      -93.9229    
 34.0799      -93.9354    
 34.0513      -93.9124    
 34.0513      -93.8498    
 34.006       -93.8477    
 33.9505      -93.8206    
 33.9203      -93.8352    
 33.8985      -93.8185    
 33.8413      -93.8206    
 33.801       -93.7914    
 33.7741      -93.8373    
 33.7708      -93.8477    
 33.7002      -93.8477    
 33.6683      -93.8311    
 33.6397      -93.8477    
 33.6095      -93.8206    
 33.5927      -93.8457    
 33.5776      -93.8644    
 33.5809      -93.8749    
 33.5708      -93.8999    
 33.5641      -93.927     
 33.5473      -93.95      
 33.5473      -93.9667    
 33.5272      -93.9813    
 33.5372      -94.0397    
 33.5389      -94.0523    
 33.5272      -94.0856    
 33.5305      -94.1211    
 33.512       -94.1524    
 33.5104      -94.19      
 33.5204      -94.2463    
 33.502       -94.3569    
 33.4684      -94.3924    
 33.46        -94.4279    
 33.4684      -94.4717    
 33.46        -94.5051    
 33.4885      -94.5301    
 33.5003      -94.5614    
 33.502       -94.6157    
 33.549       -94.7409    
 33.5473      -94.7722    
 33.5708      -94.8285    
 33.5927      -94.8306    
 33.6196      -94.8285    
 33.628       -94.841     
 33.6364      -94.8577    
 33.6397      -94.889     
 33.6397      -94.9579    
 33.6599      -94.9746    
 33.6599      -95.0915    
 33.6683      -95.1123    
 33.6885      -95.1499    
 33.7204      -95.2459    
 33.7103      -95.3085    
 33.6801      -95.3419    
 33.6801      -95.417     
 33.67        -95.5088    
 33.6683      -95.6006    
 33.6297      -95.657     
 33.67        -95.7175    
 33.6112      -95.7697    
 33.6095      -95.8448    
 33.5994      -95.8886    
 33.5776      -95.9095    
 33.5708      -95.9429    
 33.5288      -96.0389    
 33.5288      -96.0702    
 33.5053      -96.091     
 33.4969      -96.114     
 33.4448      -96.162     
 33.4129      -96.2079    
 33.3978      -96.2684    
 33.4247      -96.3331    
 33.4381      -96.3602    
 33.5204      -96.4437    
 33.5087      -96.4583    
 33.5188      -96.4896    
 33.5087      -96.5209    
 33.5104      -96.5439    
 33.502       -96.5626    
 33.5204      -96.5898    
 33.502       -96.6232    
 33.5272      -96.6482    
 33.5389      -96.6941    
 33.5893      -96.7129    
 33.6095      -96.859     
 33.6229      -96.8861    
 33.6498      -96.9111    
 33.6515      -96.932     
 33.6885      -96.9821    
 33.7204      -97.0029    
 33.6885      -97.0322    
 33.6885      -97.0906    
 33.6801      -97.1094    
 33.6784      -97.1302    
 33.7086      -97.1532    
 33.6801      -97.1803    
 33.7204      -97.2095    
 33.7019      -97.3222    
 33.7405      -97.3807    
 33.7338      -97.4266    
 33.7187      -97.4433    
 33.7204      -97.4829    
 33.6868      -97.5121    
 33.712       -97.5392    
 33.6801      -97.5685    
 33.6901      -97.5935    
 33.6683      -97.6018    
 33.6515      -97.6561    
 33.6381      -97.6665    
 33.6481      -97.6895    
 33.6381      -97.6937    
 33.6397      -97.7625    
 33.6179      -97.8251    
 33.591       -97.8397    
 33.5977      -97.8773    
 33.5826      -97.8794    
 33.5692      -97.919     
 33.5776      -97.9399    
 33.5692      -97.9837    
 33.5591      -98.0171    
 33.5591      -98.0401    
 33.5288      -98.0797    
 33.5204      -98.1361    
 33.5104      -98.1694    
 33.5272      -98.1903    
 33.5305      -98.2321    
 33.5591      -98.2613    
 33.5389      -98.3301    
 33.5003      -98.374     
 33.5087      -98.4491    
 33.5003      -98.5513    
 33.4801      -98.6035    
 33.4684      -98.6703    
 33.4331      -98.7057    
 33.4079      -98.7433    
 33.4112      -98.7725    
 33.4012      -98.7913    
 33.3911      -98.8268    
 33.4398      -98.8706    
 33.4297      -98.9582    
 33.4818      -98.9729    
 33.5272      -99.0626    
 33.549       -99.0751    
 33.5725      -99.0939    
 33.591       -99.1648    
 33.6045      -99.1836    
 33.633       -99.1899    
 33.6196      -99.2191    
 33.628       -99.2504    
 33.6414      -99.2817    
 33.628       -99.338     
 33.6213      -99.4319    
 33.6397      -99.5342    
 33.6313      -99.5968    
 33.591       -99.6991    
 33.5893      -99.7241    
 33.5994      -99.8263    
 33.5877      -99.8806    
 33.5994      -99.9202    
 33.5877      -99.9662    
 33.6011      -99.9828    
 33.5977      -100.01     
 33.5793      -100.031    
 33.5793      -100.081    
 33.5574      -100.112    
 33.549       -100.204    
 33.5591      -100.223    
 33.5389      -100.319    
 33.5507      -100.333    
 33.5708      -100.346    
 33.5608      -100.371    
 33.5776      -100.381    
 33.5708      -100.419    
 33.5608      -100.429    
 33.5591      -100.471    
 33.5356      -100.492    
 33.5389      -100.567    
 33.5809      -100.603    
 33.6213      -100.665    
 33.7288      -100.74     
 33.7607      -100.717    
 33.7809      -100.68     
 33.759       -100.722    
 33.7271      -100.745    
 33.7103      -100.807    
 33.6733      -100.834    
 33.6969      -100.878    
 33.7103      -100.891    
 33.7204      -100.932    
 33.7204      -101.001    
 33.7792      -101.076    
 33.8413      -101.106    
 33.9421      -101.133    
 33.9909      -101.224    
 34.0228      -101.26     
 34.0329      -101.283    
 34.1219      -101.371    
 34.1303      -101.398    
 34.2446      -101.485    
 34.2714      -101.517    
 34.3         -101.588    
 34.3269      -101.696    
 34.342       -101.786    
 34.3706      -101.859    
 34.4008      -101.863    
 34.4008      -101.905    
 34.3924      -101.953    
 34.4109      -101.982    
 34.4798      -102.145    
 34.4898      -102.243    
 34.5907      -102.368    
 34.6394      -102.439    
 34.6007      -102.514    
 34.5688      -102.595    
 34.5907      -102.842    
 34.6142      -103.044    
 34.6175      -103.092    
 34.6327      -103.146    
 34.6192      -103.251    
 34.6495      -103.403    
 34.6881      -103.532    
 34.6881      -103.603    
 34.7015      -103.662    
 34.7335      -103.691    
 34.7704      -103.733    
 34.8208      -103.743    
 34.8208      -103.781    
 34.841       -103.812    
 34.8309      -103.86     
 34.8326      -103.904    
 34.8208      -103.931    
 34.8645      -103.954    
 34.9015      -104.035    
 34.9619      -104.069    
 35.0006      -104.069    
 34.9905      -104.129    
 34.9905      -104.219    
 34.9787      -104.269    
 34.9418      -104.342    
 34.9418      -104.394    
 34.9586      -104.409    
 35.0023      -104.392    
 34.9804      -104.469    
 34.9821      -104.513    
 35.0376      -104.538    
 35.0527      -104.563    
 35.1216      -104.607    
 35.1669      -104.593    
 35.1904      -104.605    
 35.2106      -104.655    
 35.2408      -104.663    
 35.2408      -104.695    
 35.2308      -104.724    
 35.2324      -104.776    
 35.2509      -104.805    
 35.2812      -104.828    
 35.2929      -104.851    
 35.35        -104.835    
 35.4088      -104.901    
 35.4441      -104.916    
 35.5097      -104.97     
 35.5483      -105.002    
 35.5802      -105.002    
 35.5937      -105.02     
 35.6105      -105.047    
 35.6306      -105.123    
 35.6978      -105.12     
 35.7213      -105.143    
 35.7197      -105.235    
 35.7314      -105.267    
 35.7331      -105.315    
 35.7499      -105.358    
 35.7516      -105.415    
 35.7617      -105.444    
 35.7936      -105.444    
 35.8188      -105.492    
 35.8322      -105.532    
 35.9717      -105.463    
 35.9818      -105.532    
 36.0086      -105.538    
 36.0221      -105.511    
 36.0355      -105.502    
 36.049       -105.456    
 36.0641      -105.459    
 36.0775      -105.461    
 36.0943      -105.436    
 36.1212      -105.436    
 36.138       -105.431    
 36.1716      -105.433    
 36.1934      -105.408    
 36.222       -105.394    
 36.2405      -105.411    
 36.2606      -105.385    
 36.2724      -105.36     
 36.2741      -105.352    
 36.2808      -105.338    
 36.3043      -105.335    
 36.3379      -105.338    
 36.3682      -105.342    
 36.385       -105.34     
 36.4202      -105.34     
 36.4438      -105.344    
 36.4522      -105.363    
 36.4925      -105.323    
 36.516       -105.34     
 36.5379      -105.354    
 36.553       -105.383    
 36.5731      -105.36     
 36.6235      -105.379    
 36.642       -105.363    
 36.679       -105.381    
 36.7025      -105.365    
 36.7025      -105.338    
 36.7008      -105.323    
 36.7227      -105.312    
 36.7277      -105.29     
 36.721       -105.287    
 36.7143      -105.271    
 36.7075      -105.26     
 36.7294      -105.242    
 36.768       -105.239    
 36.8319      -105.239    
 36.8537      -105.231    
 36.9226      -105.202    
 36.9545      -105.239    
 36.9814      -105.239    
 37.0032      -105.223    
 37.0301      -105.244    
 37.0536      -105.212    
 37.0671      -105.214    
 37.0889      -105.206    
 37.0956      -105.194    
 37.1477      -105.173    
 37.1746      -105.173    
 37.2418      -105.154    
 37.2905      -105.164    
 37.3813      -105.164    
 37.4048      -105.141    
 37.4485      -105.164    
 37.4518      -105.191    
 37.5493      -105.191    
 37.5795      -105.221    
 37.5929      -105.198    
 37.6114      -105.194    
 37.6198      -105.219    
 37.6215      -105.239    
 37.6383      -105.262    
 37.6501      -105.308    
 37.6433      -105.335    
 37.6299      -105.381    
 37.6097      -105.406    
 37.6097      -105.44     
 37.5879      -105.461    
 37.5728      -105.484    
 37.5929      -105.504    
 37.6131      -105.504    
 37.6669      -105.486    
 37.6954      -105.486    
 37.7324      -105.461    
 37.803       -105.459    
 37.8097      -105.44     
 37.8567      -105.436    
 37.8786      -105.454    
 37.8819      -105.479    
 37.8987      -105.484    
 37.9508      -105.527    
 37.9508      -105.563    
 37.971       -105.584    
 38.0029      -105.603    
 38.0264      -105.609    
 38.0953      -105.657    
 38.1423      -105.678    
 38.1608      -105.678    
 38.1692      -105.699    
 38.2247      -105.763    
 38.2431      -105.784    
 38.2683      -105.801    
 38.2902      -105.847    
 38.2986      -105.853    
 38.3507      -105.899    
 38.3809      -105.943    
 38.4699      -105.949    
 38.4212      -105.997    
 38.4498      -106.022    
 38.4515      -106.068    
 38.438       -106.068    
 38.4195      -106.07     
 38.4095      -106.118    
 38.3759      -106.122    
 38.354       -106.145    
 38.3406      -106.17     
 38.3439      -106.189    
 38.3271      -106.22     
 38.3389      -106.231    
 38.3389      -106.262    
 38.3742      -106.241    
 38.3994      -106.262    
 38.4414      -106.264    
 38.4447      -106.274    
 38.5002      -106.31     
 38.5002      -106.341    
 38.5405      -106.36     
 38.5741      -106.343    
 38.601       -106.36     
 38.6144      -106.375    
 38.6295      -106.391    
 38.6413      -106.383    
 38.6514      -106.41     
 38.6531      -106.431    
 38.7001      -106.456    
 38.7136      -106.431    
 38.732       -106.431    
 38.7908      -106.41     
 38.8211      -106.41     
 38.8228      -106.391    
 38.8849      -106.333    
 38.9118      -106.329    
 38.9101      -106.373    
 38.9202      -106.385    
 38.9135      -106.408    
 38.9303      -106.431    
 38.9168      -106.448    
 38.9118      -106.483    
 38.9605      -106.529    
 38.9824      -106.529    
 39.0025      -106.562    
 38.9908      -106.581    
 39.0008      -106.6      
 39.0395      -106.6      
 39.0529      -106.583    
 39.0848      -106.581    
 39.1016      -106.602    
 39.1218      -106.56     
 39.1571      -106.562    
 39.1655      -106.527    
 39.2008      -106.514    
 39.2361      -106.504    
 39.2596      -106.489    
 39.2797      -106.489    
 39.2949      -106.506    
 39.3133      -106.489    
 39.3234      -106.435    
