      M392       105     18.60      1458 
    M392A2       105     18.60      1458
      M728       105     18.95      1426 
      M735       105     23.05      1501
    M735A1	 105	 17.24	    1508
      M774	 105     17.23	    1508
      M494	 105	 24.94	     821
      M456	 105	 21.78	    1173
      M416	 105     20.68	     737
      M467       105     20.42	     730
      M490	 105     20.41	    1170
      M724	 105     14.51	    1507
    M724A1       105     14.51      1539
      M737	 105	  9.44	    1539
      M393	 105     20.41       732
